60418 7016
55292 6810
55290 6809
5989 3930
5983 3926
5980 3924
5981 3925
5986 3928
5987 3929
5985 3927
43871 6322
6796 4420
6797 4421
6794 4418
6795 4419
6792 4417
6790 4415
6791 4416
36708 6159
6798 4422
270 187
272 188
273 189
32017 5963
275 190
276 191
277 192
279 193
32019 5964
55116 6782
52460 6670
52462 6671
26398 5676
53737 6715
52245 6658
64906 7142
64903 7141
45447 6393
45442 6392
45440 6391
58078 6905
46865 6435
2142 1392
3519 2359
3518 2358
3513 2355
3512 2354
3510 2353
3516 2357
3515 2356
2688 1767
2686 1765
2687 1766
2681 1762
2682 1763
2683 1764
34526 6122
53189 6703
98 77
93 72
92 71
95 74
94 73
97 76
96 75
36152 6140
37477 6170
41566 6261
41569 6262
40966 6253
40964 6252
40962 6251
1177 743
1176 742
1175 741
1173 740
1172 739
1171 738
1179 745
1178 744
27618 5793
27611 5792
33558 6054
59037 6950
7189 4715
7180 4711
7181 4712
7184 4713
7187 4714
1224 785
8019 5080
8017 5079
627 427
8015 5077
8014 5076
8541 5263
8012 5075
8011 5074
8010 5073
7456 4878
7454 4877
7453 4876
7450 4874
7451 4875
26629 5715
7458 4879
7459 4880
4591 3090
2745 1808
4597 3092
27370 5770
2031 1305
2746 1809
4845 3240
4598 3093
6536 4253
4599 3094
4734 3171
6537 4254
26566 5707
26567 5708
26564 5706
26562 5705
26561 5704
8292 5162
4738 3173
6533 4250
61236 7049
27728 5808
393 272
392 271
390 270
395 274
394 273
2308 1501
43460 6311
4729 3169
4728 3168
2301 1497
2300 1496
2303 1499
2302 1498
4721 3163
2304 1500
4723 3165
4722 3164
5844 3837
5842 3836
5841 3835
5840 3834
3749 2509
3747 2508
3744 2506
3745 2507
3742 2505
3740 2503
3741 2504
4621 3106
4623 3107
4624 3108
4628 3109
57669 6898
43684 6316
52101 6655
178 126
177 125
176 124
175 123
174 122
173 121
172 120
171 119
170 118
45658 6401
7218 4736
7210 4730
7211 4731
7212 4732
7215 4733
7216 4734
7217 4735
6217 4053
6216 4052
6215 4051
6214 4050
6213 4049
6212 4048
6211 4047
6218 4054
6819 4438
6818 4437
55830 6829
6810 4430
6813 4432
6812 4431
6815 4434
6814 4433
6817 4436
6816 4435
40887 6246
49793 6563
8848 5415
8849 5416
1985 1267
8840 5412
8841 5413
8845 5414
54278 6741
26819 5742
26810 5740
26811 5741
54274 6739
54272 6738
1769 1118
1762 1115
1760 1114
1767 1117
1765 1116
1546 995
1547 996
1544 993
1545 994
1542 992
697 458
1541 991
698 459
1549 997
8710 5342
8711 5343
8712 5344
8714 5345
8718 5346
8719 5347
5618 3715
5619 3716
5612 3710
5613 3711
5610 3708
5611 3709
5617 3714
5614 3712
5615 3713
55069 6777
7118 4663
25736 5522
6779 4406
6774 4402
6775 4403
6776 4404
6777 4405
6770 4399
6772 4400
6773 4401
57274 6879
259 179
252 175
253 176
250 174
256 177
257 178
32076 5972
64614 7135
3688 2462
3683 2458
3682 2457
3681 2456
3680 2455
3686 2461
3685 2460
3684 2459
26049 5601
26048 5600
2518 1656
2519 1657
2516 1654
2517 1655
2511 1651
2512 1652
2513 1653
58059 6904
3535 2368
3534 2367
3536 2369
5054 3372
3538 2370
5056 3374
5051 3371
53974 6724
53972 6723
54997 6772
54995 6771
54999 6773
54196 6734
48560 6508
54190 6732
38198 6189
27555 5785
27801 5823
27808 5825
40946 6247
1157 732
1156 731
1150 729
1153 730
59014 6945
59016 6946
59018 6947
25899 5564
25898 5563
25893 5562
25891 5561
8035 5083
8033 5082
8039 5084
8529 5256
8528 5255
34532 6125
8522 5250
8521 5249
8520 5248
8527 5254
8526 5253
8525 5252
8524 5251
26606 5712
50477 6593
26544 5699
26547 5700
4299 2888
4298 2887
4294 2884
4297 2886
4296 2885
4291 2881
4290 2880
4293 2883
4292 2882
61250 7053
61253 7054
61255 7055
61257 7056
4748 3179
4743 3176
4741 3175
4740 3174
43333 6306
4745 3178
4744 3177
5869 3846
5868 3845
5864 3843
5867 3844
2183 1423
2182 1422
2181 1421
2180 1420
2187 1427
2186 1426
2185 1425
2184 1424
4607 3098
2189 1429
2188 1428
4600 3095
4601 3096
6451 4199
6450 4198
57640 6897
6452 4200
8138 5109
51127 6623
6454 4202
151 102
150 101
153 104
152 103
154 105
157 107
156 106
158 108
6900 4492
52694 6680
8134 5107
60072 7000
60074 7001
51925 6646
59615 6979
6187 4032
6186 4031
6185 4030
6184 4029
6183 4028
6182 4027
6181 4026
6188 4033
2727 1795
2726 1794
2725 1793
2724 1792
2723 1791
2722 1790
2721 1789
45635 6400
2729 1797
2728 1796
7236 4748
7234 4746
7235 4747
7232 4745
7941 5046
7942 5047
7943 5048
30883 5880
7948 5052
7949 5053
7238 4749
7239 4750
692 456
6238 4070
6235 4067
6234 4066
6237 4069
6236 4068
6231 4063
6230 4062
6233 4065
6232 4064
8866 5429
8864 5427
8865 5428
8862 5426
8860 5424
8861 5425
62394 7091
8868 5430
8869 5431
818 521
810 520
50274 6588
60293 7008
26838 5744
53161 6702
5267 3502
1701 1085
1702 1086
5264 3499
1704 1087
1707 1088
2097 1354
5269 3504
5268 3503
2096 1353
2090 1349
4577 3082
58559 6931
3029 2010
3028 2009
3024 2008
3022 2007
3020 2006
55094 6780
8738 5354
8739 5355
8737 5353
8734 5352
8732 5351
8730 5350
31553 5932
4198 2817
4199 2818
4196 2816
4194 2814
4195 2815
4192 2812
4193 2813
4190 2810
4191 2811
5670 3743
5672 3744
5673 3745
5675 3746
5677 3747
5678 3748
5679 3749
38388 6191
34189 6103
6437 4189
6436 4188
6435 4187
8191 5124
8196 5127
8197 5128
8194 5125
6430 4185
48856 6525
8198 5129
8199 5130
6439 4190
39381 6205
41571 6263
32582 6004
32584 6005
32587 6006
6759 4390
6753 4386
6750 4385
6756 4389
6754 4387
6755 4388
45503 6396
32721 6022
32058 5969
239 167
234 163
235 164
236 165
237 166
230 159
231 160
232 161
233 162
56782 6868
56788 6869
43836 6320
49524 6554
49526 6555
49528 6556
63062 7106
26064 5605
2538 1670
2539 1671
2532 1667
2533 1668
2530 1665
2531 1666
55276 6802
2535 1669
46530 6423
5078 3389
5072 3384
5073 3385
5076 3387
5077 3388
5074 3386
52579 6674
53953 6721
938 591
53956 6722
933 586
932 585
931 584
930 583
937 590
936 589
935 588
934 587
5380 3573
5382 3574
5383 3575
5384 3576
5385 3577
5386 3578
5388 3579
5389 3580
33725 6073
33722 6072
48696 6516
38600 6193
62336 7089
44759 6362
44204 6347
27828 5833
27826 5832
27820 5829
27821 5830
27822 5831
2411 1584
2410 1583
2145 1395
799 512
798 511
2144 1394
2143 1393
2414 1587
2141 1391
1132 723
1131 722
1130 721
1136 725
1135 724
2419 1590
45501 6395
7149 4683
7147 4682
7141 4679
7142 4680
7143 4681
33896 6087
2148 1398
8502 5239
8505 5241
8056 5088
8507 5242
34048 6092
2882 1897
2883 1898
2880 1895
2881 1896
2886 1899
2887 1900
7492 4896
7493 4897
7490 4894
7491 4895
44974 6376
2 1
47254 6449
61011 7041
26527 5698
26524 5697
3276 2194
1923 1205
1924 1206
3273 2192
1926 1208
1927 1209
58156 6910
4763 3184
4765 3185
4767 3186
4769 3188
4768 3187
26294 5659
5809 3817
51498 6631
5803 3815
5802 3814
5804 3816
685 455
48061 6489
8769 5371
8768 5370
6935 4510
64575 7134
53894 6719
44587 6353
26226 5642
674 451
4888 3270
4889 3271
2709 1782
4880 3264
4881 3265
2707 1781
2706 1780
2701 1777
2700 1776
4886 3268
4887 3269
42197 6286
6258 4082
6252 4077
6251 4076
6250 4075
6257 4081
6256 4080
6255 4079
6254 4078
8016 5078
475 324
832 526
3475 2328
3476 2329
3477 2330
3470 2325
3471 2326
3473 2327
8884 5439
838 530
839 531
8880 5437
3479 2332
8882 5438
8540 5262
48262 6494
8543 5265
45611 6399
8542 5264
44937 6373
1729 1098
1726 1096
5244 3491
5247 3494
5246 3493
1722 1094
5243 3490
1721 1093
9004 5514
9000 5512
7281 4775
3005 1992
3004 1991
3007 1994
3006 1993
3000 1988
3003 1990
3310 2214
3008 1995
7286 4778
34150 6098
1589 1015
7285 4777
1580 1011
1586 1013
1587 1014
1584 1012
5481 3643
3316 2216
34155 6100
2416 1588
5652 3736
5653 3737
5650 3734
5651 3735
48877 6527
27020 5759
27022 5760
48879 6528
6415 4179
6416 4180
6410 4176
6413 4178
6412 4177
7773 4970
7771 4969
7770 4968
3917 2619
3916 2618
3915 2617
3914 2616
3911 2615
3910 2614
3918 2620
6731 4374
6732 4375
6733 4376
6734 4377
6735 4378
3287 2200
50153 6580
50151 6579
39052 6199
50158 6581
216 151
55851 6830
214 149
215 150
213 148
6088 3983
6086 3982
6082 3981
6081 3980
25773 5536
25771 5535
25777 5537
3649 2438
3645 2437
3644 2436
3643 2435
3640 2434
2550 1676
2551 1677
2553 1678
2554 1679
2555 1680
2557 1681
26085 5610
26084 5609
26082 5608
5010 3346
5012 3347
5013 3348
5014 3349
5015 3350
5016 3351
5017 3352
4419 2974
60421 7017
4416 2973
4415 2972
4413 2971
4412 2970
4411 2969
4410 2968
919 573
918 572
915 569
914 568
917 571
916 570
911 565
910 564
913 567
912 566
48678 6514
44777 6364
27592 5789
27843 5841
27841 5840
27846 5842
56941 6874
59501 6973
31702 5947
7168 4701
7169 4702
31705 5948
7162 4695
7163 4696
7160 4693
7161 4694
7166 4699
7167 4700
7164 4697
7165 4698
33564 6055
30952 5885
56949 6876
8070 5092
632 430
3706 2478
1214 775
1215 776
1447 952
1446 951
1445 950
1442 949
1441 948
1440 947
1119 712
2006 1285
3707 2479
1449 953
2005 1284
4585 3087
26504 5694
4855 3247
48909 6530
4725 3166
4583 3086
59421 6970
4582 3085
4727 3167
8634 5306
4720 3162
43376 6307
4789 3203
4788 3202
4787 3201
4786 3200
4785 3199
31903 5955
4783 3198
4782 3197
51304 6627
5820 3824
5825 3826
5824 3825
5829 3828
5828 3827
27735 5811
61073 7044
61075 7045
27271 5766
26230 5644
199 140
198 139
194 137
196 138
191 135
190 134
193 136
56333 6855
56339 6856
2769 1822
2763 1820
2762 1819
2761 1818
2764 1821
7900 5023
7901 5024
6271 4092
6270 4091
6273 4094
6272 4093
6277 4096
6276 4095
6279 4097
420 285
32009 5961
31447 5927
49265 6540
49263 6539
46948 6436
3452 2314
3450 2312
3451 2313
3456 2316
852 535
3455 2315
3458 2317
3459 2318
858 537
6 4
41997 6274
26870 5748
26875 5749
33036 6029
5229 3486
5222 3481
5221 3480
5220 3479
5227 3485
5226 3484
5225 3483
5224 3482
3062 2035
3061 2034
3060 2033
3067 2038
3066 2037
3065 2036
3068 2039
54075 6730
38038 6186
55071 6778
4816 3224
44197 6345
1304 862
1305 863
1306 864
1307 865
1300 858
1301 859
1302 860
1303 861
32853 6025
499 342
494 338
495 339
496 340
497 341
490 334
491 335
492 336
493 337
6473 4215
6472 4214
6471 4213
6477 4219
6476 4218
6475 4217
6474 4216
50792 6599
31042 5890
7759 4961
31047 5891
35015 6136
50798 6602
7757 4960
7756 4959
32892 6027
3939 2633
55451 6815
3937 2632
3936 2631
3931 2628
3933 2630
3932 2629
8332 5167
3265 2184
8337 5169
8334 5168
6717 4365
8338 5170
6713 4364
6710 4362
6711 4363
57550 6896
4044 2712
4046 2713
4047 2714
4040 2708
4041 2709
4042 2710
4043 2711
26313 5663
25750 5525
25752 5526
25753 5527
25755 5528
25757 5529
3665 2445
3660 2444
3669 2447
3668 2446
2578 1692
2579 1693
2575 1691
2572 1690
64983 7148
2570 1688
2571 1689
3593 2403
3591 2402
3590 2401
5038 3363
3594 2404
5036 3362
5034 3360
5035 3361
5032 3358
5033 3359
4437 2986
4436 2985
4433 2984
4432 2983
4439 2988
4438 2987
976 619
974 618
973 617
971 616
970 615
47894 6476
62801 7098
48385 6501
46574 6426
46572 6425
46578 6427
48032 6487
27864 5844
27865 5845
27866 5846
27869 5847
50347 6589
26682 5721
26681 5720
26680 5719
26686 5722
58291 6913
58293 6914
8924 5463
8923 5462
8922 5461
8921 5460
8920 5459
6486 4224
8928 5464
3386 2264
3387 2265
7101 4650
7102 4651
3385 2263
7104 4652
7107 4653
7108 4654
7109 4655
1681 1071
1680 1070
1683 1073
1682 1072
1685 1075
1684 1074
1687 1077
1686 1076
1688 1078
33585 6056
34002 6090
653 439
7280 4774
49314 6550
1465 961
1464 960
1466 962
1461 959
4239 2850
4238 2849
4237 2848
4236 2847
4235 2846
4234 2845
4232 2844
4231 2843
5591 3695
5590 3694
5593 3696
5596 3697
5599 3698
60943 7038
319 218
318 217
317 216
316 215
315 214
44657 6357
443 301
61729 7074
442 300
61724 7073
27783 5819
441 299
65006 7151
60894 7036
445 303
444 302
27255 5764
2291 1491
2290 1490
2297 1495
2296 1494
2295 1493
2294 1492
55955 6835
8127 5102
32371 5995
6938 4512
8122 5098
8121 5097
50445 6591
52321 6662
32632 6016
7926 5036
7924 5034
7925 5035
7294 4783
7923 5033
39869 6220
7921 5032
7299 4785
39 33
38 32
6299 4112
6297 4111
6296 4110
6294 4109
6293 4108
6292 4107
6291 4106
6290 4105
26122 5617
26695 5724
63540 7117
26758 5732
63647 7118
35 30
37475 6169
46965 6437
46967 6438
3438 2302
3439 2303
3430 2296
3431 2297
3432 2298
3433 2299
3435 2300
3437 2301
38499 6192
2742 1807
4848 3243
4849 3244
2747 1810
4595 3091
4844 3239
2748 1811
4846 3241
4847 3242
4840 3236
4841 3237
4842 3238
2038 1308
56748 6865
5201 3468
5200 3467
5203 3470
5202 3469
5205 3472
5204 3471
5208 3473
3040 2020
3043 2021
3045 2023
3044 2022
3047 2025
3046 2024
45928 6415
27410 5776
27416 5777
1094 700
1095 701
1096 702
1097 703
1090 696
1091 697
1092 698
1093 699
1912 1196
1099 704
41716 6269
1323 870
1320 868
1321 869
1327 871
1329 872
8682 5331
6906 4494
6453 4201
8681 5330
8686 5334
6902 4493
8684 5332
8685 5333
6459 4206
6458 4205
8136 5108
8689 5335
8131 5104
6909 4495
8133 5106
26241 5647
26240 5646
50800 6603
50802 6604
7730 4953
50804 6605
50806 6606
26246 5649
3959 2643
55729 6822
3953 2642
3952 2641
3951 2640
3950 2639
55721 6820
41575 6265
38188 6188
4062 2721
4063 2722
4061 2720
4066 2725
4064 2723
4065 2724
4068 2726
4069 2727
26336 5666
5785 3806
5780 3804
5782 3805
5788 3807
5789 3808
3601 2407
3607 2410
3606 2409
3604 2408
3609 2412
3608 2411
60397 7013
60393 7012
52042 6654
4452 2999
4451 2998
4450 2997
4459 3001
4458 3000
959 609
951 603
950 602
953 605
952 604
955 607
954 606
956 608
49013 6533
46772 6430
42094 6285
44731 6361
6334 4132
6337 4133
6331 4129
6332 4130
6333 4131
6338 4134
6339 4135
59721 6981
45028 6377
59727 6983
27888 5856
59725 6982
27884 5855
59729 6984
27882 5854
41014 6256
55726 6821
54268 6737
8908 5449
8905 5446
8907 5448
8906 5447
8900 5444
8903 5445
4969 3317
44193 6343
44191 6342
26939 5753
7128 4671
7126 4670
7124 4668
7125 4669
7123 4667
7120 4665
7121 4666
42740 6303
1665 1060
4960 3312
1663 1059
1660 1058
590 407
593 409
592 408
595 411
594 410
597 413
596 412
599 415
598 414
2829 1864
2824 1860
2825 1861
2826 1862
2827 1863
2820 1857
2821 1858
2822 1859
5414 3595
5415 3596
3384 2262
5417 3597
5410 3593
5413 3594
58418 6928
5418 3598
5419 3599
3388 2266
1409 933
1408 932
1401 927
1407 931
1406 930
1405 929
1404 928
4215 2830
4214 2829
4216 2831
4211 2827
4210 2826
4212 2828
4219 2833
4218 2832
696 457
3261 2180
3260 2179
5577 3691
5576 3690
5574 3689
5572 3688
5570 3687
3262 2181
3968 2649
1937 1219
3264 2183
339 231
3267 2186
334 228
337 229
3266 2185
333 227
332 226
33644 6062
48997 6532
5127 3423
5002 3339
25905 5568
25904 5567
25906 5569
25901 5565
25903 5566
25908 5570
3200 2138
32352 5992
6109 3994
6108 3993
6107 3992
6105 3991
6104 3990
6101 3989
6100 3988
57538 6895
57530 6891
57532 6892
57534 6893
57536 6894
61967 7078
61961 7077
26101 5612
3417 2284
3415 2283
3412 2282
8531 5258
49220 6538
34523 6121
3418 2285
4868 3256
2019 1295
2018 1294
2015 1292
2014 1291
2016 1293
2011 1288
2010 1287
2013 1290
4865 3253
58876 6940
58622 6933
34143 6096
36509 6145
36056 6139
27434 5779
27432 5778
26136 5621
56001 6838
458 311
1349 888
47778 6469
1340 880
451 306
1342 881
1343 882
454 307
455 308
456 309
1347 886
8119 5096
6925 4504
6924 4503
6927 4506
6926 4505
6921 4502
8117 5095
7713 4948
26745 5731
7714 4949
39307 6204
31545 5931
8376 5188
8377 5189
8375 5187
8372 5185
8373 5186
8370 5183
8371 5184
8379 5190
36276 6141
26350 5668
26359 5669
4008 2681
4009 2682
43708 6317
4000 2674
4001 2675
4002 2676
4003 2677
4005 2678
4006 2679
4007 2680
3970 2651
3972 2652
51082 6617
3977 2653
51080 6616
3979 2655
3978 2654
51088 6620
3629 2425
3628 2424
52283 6660
8140 5110
52287 6661
3620 2418
3623 2420
3622 2419
3624 2421
3627 2423
3626 2422
51662 6636
51660 6635
55566 6819
41617 6267
51884 6643
4479 3017
4478 3016
4471 3009
4470 3008
4473 3011
4472 3010
4475 3013
4474 3012
4477 3015
4476 3014
2465 1625
2467 1626
2460 1622
2461 1623
2463 1624
2468 1627
5346 3553
45221 6387
5340 3549
8147 5113
1020 644
1023 647
6311 4119
6316 4121
6315 4120
6319 4122
5348 3554
5349 3555
54934 6767
63131 7110
8969 5491
8968 5490
8963 5486
8962 5485
8961 5484
8960 5483
8967 5489
8966 5488
8965 5487
6441 4192
26915 5752
1645 1049
1644 1048
1646 1050
1641 1046
1643 1047
49961 6570
1649 1052
1648 1051
40614 6235
574 400
2808 1852
2802 1846
2803 1847
2800 1844
2801 1845
2806 1850
2807 1851
2804 1848
2805 1849
5433 3608
1423 941
5431 3607
5436 3611
5437 3612
5434 3609
5435 3610
3364 2250
3365 2251
5438 3613
5439 3614
3360 2246
3361 2247
3362 2248
3363 2249
47970 6483
38798 6194
4957 3310
47610 6462
4273 2870
4272 2869
4271 2868
4270 2867
4277 2874
4276 2873
4275 2872
4274 2871
4279 2876
4278 2875
1200 762
5555 3682
5553 3681
5552 3680
4861 3251
4866 3254
4867 3255
8589 5278
27397 5773
8581 5275
8580 5274
8582 5276
8584 5277
5882 3856
5881 3855
51412 6628
5884 3857
5889 3859
5888 3858
51418 6629
6554 4264
30894 5882
6550 4262
6552 4263
30892 5881
27744 5814
6558 4265
6559 4266
30810 5870
25923 5572
25927 5573
30812 5871
357 247
356 246
355 245
354 244
353 243
352 242
351 241
350 240
358 248
6125 3999
6126 4000
6123 3998
6122 3997
64716 7139
30721 5865
4632 3111
2193 1431
2259 1467
2258 1466
2257 1465
26163 5631
2253 1464
2252 1463
49200 6536
49205 6537
63853 7120
55814 6827
4800 3211
4801 3212
4802 3213
4803 3214
4804 3215
4805 3216
4806 3217
2782 1830
4808 3218
4809 3219
2788 1834
32074 5971
2078 1339
55442 6813
2073 1334
2072 1333
2071 1332
2070 1331
2077 1338
2076 1337
2075 1336
2074 1335
52722 6683
52724 6684
55444 6814
3221 2153
36529 6152
36523 6149
33004 6028
36527 6151
36525 6150
54768 6758
3222 2154
59118 6955
7081 4636
7080 4635
7082 4637
7085 4639
7084 4638
7087 4641
7086 4640
7089 4643
7088 4642
6497 4228
44828 6366
6490 4226
6492 4227
6499 4230
6498 4229
6949 4520
6948 4519
6942 4514
6947 4518
6946 4517
6945 4516
6944 4515
8398 5199
8395 5197
8397 5198
8392 5195
8393 5196
4399 2958
4390 2952
4391 2953
4393 2954
4395 2955
4396 2956
4397 2957
3197 2135
3196 2134
3195 2133
3194 2132
3192 2131
474 323
3190 2130
3199 2137
3198 2136
4027 2698
4024 2696
4025 2697
4022 2694
4023 2695
4020 2692
4021 2693
26375 5672
4028 2699
4029 2700
64034 7125
3999 2673
3998 2672
3997 2671
3996 2670
32525 6003
3994 2669
3993 2668
3992 2667
3991 2666
56587 6861
8999 5511
27731 5809
298 203
299 204
296 202
32781 6024
292 200
293 201
290 199
60137 7003
587 404
52005 6652
42053 6284
26693 5723
2442 1609
2443 1610
2441 1608
2447 1613
2444 1611
2445 1612
64926 7144
42632 6291
6378 4157
6379 4158
6370 4152
6373 4153
6374 4154
6375 4155
6377 4156
40988 6255
63113 7108
33072 6030
8943 5471
8947 5472
8949 5474
8948 5473
54958 6768
45208 6385
47952 6481
26974 5756
3390 2267
3393 2269
47950 6480
1991 1270
5183 3459
1993 1272
1620 1034
1627 1038
1994 1273
1625 1036
1996 1275
1999 1278
1998 1277
1629 1040
1628 1039
3208 2145
45062 6378
5058 3375
41585 6266
5059 3376
2860 1882
2861 1883
2862 1884
2863 1885
559 394
558 393
2867 1887
555 391
554 390
556 392
551 387
550 386
553 389
552 388
54372 6747
5055 3373
1199 761
1198 760
1191 754
1190 753
1193 756
1192 755
1194 757
1197 759
1196 758
4259 2862
4258 2861
31698 5946
4251 2858
4250 2857
31696 5945
4255 2859
4256 2860
5533 3671
5530 3670
30996 5886
1348 887
459 312
31347 5913
51471 6630
6570 4275
6578 4276
6579 4277
61742 7075
27765 5815
7697 4939
27734 5810
25941 5578
25940 5577
25943 5580
25942 5579
7698 4940
25947 5582
3834 2569
3835 2570
3836 2571
3837 2572
3831 2566
3832 2567
3833 2568
1344 883
1345 884
1346 885
457 310
5106 3408
379 264
7523 4899
7521 4898
371 258
370 257
373 260
372 259
374 261
377 263
376 262
32646 6017
55247 6791
32649 6018
6143 4007
6142 4006
6140 4005
6147 4010
6145 4009
6144 4008
6148 4011
5104 3406
3204 2142
6920 4501
26492 5690
55995 6836
26491 5689
60832 7035
26497 5693
26494 5691
26495 5692
55999 6837
26743 5730
2275 1479
2270 1476
2273 1478
2272 1477
26148 5625
2278 1480
3201 2139
49772 6562
56915 6873
2051 1316
2050 1315
2053 1318
2052 1317
2054 1319
2057 1320
2059 1322
2058 1321
4824 3227
4537 3056
4822 3225
4823 3226
4532 3053
4533 3054
7980 5058
7981 5059
7982 5060
7983 5061
7984 5062
7986 5063
60654 7026
63876 7122
34767 6135
7324 4806
7325 4807
7326 4808
7327 4809
7320 4803
7321 4804
7323 4805
7328 4810
808 519
8853 5419
802 515
8851 5417
7069 4624
7068 4623
7067 4622
7066 4621
7065 4620
7064 4619
7063 4618
7062 4617
7061 4616
7060 4615
54745 6757
804 517
6961 4530
6963 4532
6962 4531
6965 4533
8629 5303
6967 4535
6966 4534
6969 4536
8157 5116
8154 5115
8620 5300
8153 5114
8622 5301
8623 5302
26700 5726
26704 5727
31590 5936
47516 6460
47518 6461
54193 6733
415 281
416 282
417 283
1388 916
1389 917
412 279
413 280
1385 914
1387 915
1380 912
1381 913
27803 5824
61354 7064
61357 7065
61350 7062
61352 7063
60333 7010
1777 1122
64497 7133
60487 7019
60484 7018
53996 6727
53993 6726
6689 4349
52241 6657
6680 4341
6681 4342
6682 4343
6683 4344
6684 4345
6685 4346
6686 4347
6687 4348
2428 1598
2429 1599
2420 1591
2421 1592
2422 1593
2423 1594
2424 1595
2425 1596
2427 1597
7845 5005
7844 5004
7847 5007
7846 5006
7841 5001
7840 5000
7843 5003
7842 5002
6357 4146
6354 4145
6350 4143
6351 4144
6358 4147
3461 2319
5466 3633
54978 6770
1815 1140
1816 1141
1810 1138
1812 1139
1819 1142
48301 6495
48304 6496
26950 5754
27376 5771
1609 1027
1608 1026
2166 1410
1979 1261
1978 1260
3225 2157
3224 2156
1603 1022
3226 2158
1973 1255
1604 1023
3223 2155
1970 1252
2163 1408
59834 6989
4955 3308
45081 6380
2848 1873
2849 1874
2846 1871
2847 1872
2845 1870
2843 1869
2840 1867
2841 1868
3320 2219
5477 3640
58301 6918
5475 3638
3324 2220
5473 3637
3326 2222
3328 2223
58309 6921
5479 3641
45880 6414
51086 6619
51084 6618
46347 6422
1555 1000
5515 3662
5517 3664
5516 3663
537 374
536 373
535 372
534 371
533 370
532 369
531 368
3035 2015
539 376
538 375
47306 6452
62586 7095
52281 6659
3294 2203
27706 5803
3296 2204
6519 4242
25964 5589
25963 5588
25962 5587
25961 5586
6512 4238
6513 4239
6515 4240
6516 4241
44972 6375
1900 1189
1901 1190
3812 2554
3813 2555
3810 2552
3811 2553
3816 2557
3814 2556
3819 2558
8457 5214
8455 5213
8451 5212
8450 5211
8459 5216
8458 5215
31364 5914
31367 5915
55261 6797
32668 6020
32666 6019
51903 6644
6160 4018
6163 4020
6162 4019
38992 6197
38994 6198
2212 1445
2211 1444
2210 1443
2218 1446
34538 6128
34530 6124
4518 3044
4519 3045
34536 6127
4517 3043
4514 3041
4515 3042
34534 6126
5289 3512
5288 3511
5283 3510
5282 3509
37382 6166
27491 5782
7302 4788
7303 4789
7300 4786
7301 4787
7307 4792
7304 4790
7305 4791
7308 4793
7309 4794
39715 6219
33421 6046
54503 6748
7045 4600
7044 4599
7047 4602
7046 4601
7043 4598
7042 4597
7049 4604
7048 4603
63329 7114
37741 6179
37211 6161
8608 5290
8609 5291
6989 4555
6988 4554
8602 5284
6986 4552
8600 5282
8601 5283
8606 5288
8607 5289
6981 4547
8605 5287
2989 1980
2988 1979
2983 1974
2987 1978
2986 1977
2985 1976
2984 1975
1018 642
1019 643
1014 638
1015 639
1016 640
1017 641
1010 635
1012 636
1013 637
4359 2935
4354 2931
4355 2932
4356 2933
4357 2934
4350 2928
4351 2929
4353 2930
47793 6470
30850 5879
436 297
434 295
435 296
432 294
431 293
5708 3765
5709 3766
5705 3762
5706 3763
5707 3764
26172 5633
26174 5634
32296 5987
32291 5986
32298 5988
42018 6282
42011 6279
42013 6280
42015 6281
52227 6656
5357 3560
5356 3559
48342 6500
2469 1628
7828 4991
32124 5975
7822 4988
7820 4987
7827 4990
7826 4989
1431 945
26265 5653
52591 6675
26269 5654
53318 6705
57326 6880
8985 5504
8984 5503
8987 5506
8986 5505
8981 5500
8980 5499
8983 5502
8982 5501
8989 5508
8988 5507
1832 1148
1833 1149
1831 1147
1836 1152
1837 1153
1834 1150
1835 1151
3795 2542
1839 1154
3791 2540
3793 2541
4981 3327
4980 3326
2404 1577
2405 1578
2402 1575
2403 1576
4987 3328
2401 1574
4989 3329
48322 6498
2158 1403
2159 1404
2408 1581
2409 1582
1955 1237
1954 1236
1957 1239
1956 1238
1951 1233
1950 1232
1953 1235
1952 1234
58146 6908
1959 1241
1958 1240
3248 2168
3243 2164
3241 2163
3247 2167
3246 2166
3244 2165
1483 969
1480 968
1487 972
1485 971
1484 970
3306 2211
3307 2212
1489 974
5497 3651
5490 3648
3303 2208
3300 2206
5493 3649
53000 6693
48584 6509
53002 6694
40148 6223
610 420
1273 832
47493 6459
1995 1274
617 423
2060 1323
2061 1324
34520 6120
2064 1325
2065 1326
519 360
518 359
2066 1327
40851 6244
511 352
513 354
512 353
515 356
514 355
517 358
516 357
1227 788
1226 787
1225 786
620 426
1223 784
1222 783
1221 782
1220 781
629 429
628 428
1228 789
8291 5161
8290 5160
6534 4251
6535 4252
8295 5164
8294 5163
6530 4248
6531 4249
27727 5807
27722 5806
6538 4255
6539 4256
59369 6968
59362 6967
30803 5869
31162 5901
3879 2598
32469 6002
3871 2592
3872 2593
3873 2594
3874 2595
3875 2596
32460 6001
3877 2597
34608 6133
8478 5223
8477 5222
7566 4904
7564 4903
7563 4902
7560 4900
7561 4901
7569 4905
61470 7068
61473 7069
32602 6012
32600 6011
55205 6788
52967 6690
4167 2793
4166 2792
4164 2791
4161 2790
4160 2789
4169 2795
4168 2794
26185 5637
26181 5636
2238 1456
43556 6312
2231 1452
43558 6313
2232 1453
2237 1455
2236 1454
5937 3892
5936 3891
5935 3890
51927 6647
5933 3889
5932 3888
5931 3887
5930 3886
5938 3893
3498 2343
3499 2344
3494 2341
3495 2342
3492 2340
3490 2339
4570 3076
2094 1352
4572 3078
4573 3079
4574 3080
4575 3081
2093 1351
2092 1350
4578 3083
2099 1355
32060 5970
8423 5206
4605 3097
45186 6384
45183 6383
62434 7092
62437 7093
62849 7100
46231 6418
45981 6417
7369 4833
7360 4827
7361 4828
7364 4829
7365 4830
7366 4831
7367 4832
3 2
58803 6937
33158 6037
58806 6938
33154 6036
33150 6035
7023 4584
7022 4583
7020 4582
7027 4587
9002 5513
7025 4586
7024 4585
53435 6707
7029 4589
7028 4588
9008 5515
37729 6174
54783 6762
37720 6172
54780 6761
54787 6764
37727 6173
54785 6763
30712 5864
7790 4975
7792 4976
47805 6471
1038 662
1032 656
1033 657
1030 654
1031 655
1036 660
1037 661
1034 658
1035 659
4378 2945
4372 2943
4370 2942
4377 2944
8660 5321
8661 5322
8662 5323
8665 5324
8666 5325
8667 5326
4080 2733
4081 2734
4082 2735
4083 2736
4084 2737
4085 2738
4086 2739
4087 2740
4088 2741
4089 2742
5729 3779
5722 3774
5723 3775
5720 3772
5721 3773
5726 3777
5727 3778
5725 3776
61646 7070
60990 7040
47117 6445
6648 4317
6649 4318
6644 4314
6645 4315
6646 4316
6641 4312
6643 4313
56251 6852
7802 4977
7809 4979
7808 4978
6398 4167
6392 4163
6396 4166
6394 4164
6395 4165
2396 1571
26242 5648
2394 1569
2395 1570
2393 1568
2390 1566
2391 1567
26249 5650
2398 1572
2399 1573
1858 1163
1859 1164
45517 6397
3840 2573
1853 1160
1855 1161
1856 1162
2173 1414
2170 1412
2171 1413
2176 1416
2177 1417
2174 1415
4967 3316
4966 3315
2178 1418
2179 1419
4963 3314
4961 3313
3844 2576
1933 1215
1932 1214
1931 1213
1930 1212
5128 3424
1936 1218
1935 1217
1934 1216
3269 2188
3268 2187
1939 1221
1938 1220
5120 3419
5121 3420
5122 3421
5123 3422
60735 7028
7944 5049
1427 943
7946 5050
1429 944
7947 5051
7940 5045
58347 6925
54648 6751
58303 6919
6886 4482
6887 4483
6884 4480
6885 4481
6882 4478
6883 4479
6880 4476
6881 4477
6888 4484
6889 4485
44399 6350
44397 6349
40870 6245
605 418
1209 770
600 416
994 627
602 417
1204 766
1207 768
1206 767
1201 763
608 419
1203 765
1202 764
30818 5873
8275 5159
30816 5872
8273 5158
8272 5157
8270 5156
39449 6217
39444 6215
39446 6216
39441 6214
31148 5898
1353 891
1350 889
461 314
460 313
50011 6573
7584 4916
7585 4917
7586 4918
7587 4919
7580 4912
7581 4913
7582 4914
7583 4915
6482 4220
26476 5684
26472 5683
6951 4522
26479 5685
59295 6961
4149 2781
4148 2780
4144 2778
4146 2779
4141 2776
4142 2777
3857 2583
3854 2581
3855 2582
3852 2580
6484 4222
3851 2579
6485 4223
3858 2584
3859 2585
32383 5996
31854 5953
5919 3879
32625 6014
32627 6015
5915 3876
5917 3878
5916 3877
5911 3874
5910 3873
5912 3875
56757 6866
4558 3068
4556 3066
4557 3067
4555 3065
4552 3063
4553 3064
54691 6753
27905 5859
27904 5858
6077 3978
42738 6302
6075 3977
6074 3976
6073 3975
6070 3974
49280 6545
42730 6298
49282 6546
42732 6299
49284 6547
42734 6300
49286 6548
6078 3979
2617 1718
2616 1717
2615 1716
2613 1715
2612 1714
2610 1713
7346 4820
7347 4821
7345 4819
7341 4818
7348 4822
1186 749
33171 6042
4546 3061
7009 4573
7008 4572
7001 4566
7000 4565
7003 4568
7002 4567
7005 4570
7004 4569
7007 4571
41425 6259
741 482
743 483
745 484
746 485
747 486
748 487
1185 748
50229 6585
2949 1950
2948 1949
2947 1948
2946 1947
2944 1946
2943 1945
2942 1944
2941 1943
2940 1942
1050 670
1051 671
5354 3558
5353 3557
5351 3556
1057 673
1059 674
5358 3561
34437 6117
4310 2897
4312 2898
4314 2899
4316 2900
1183 746
4318 2901
33826 6080
33821 6078
33823 6079
43908 6324
26222 5641
62010 7080
3116 2078
3115 2077
3114 2076
3113 2075
3112 2074
3111 2073
3110 2072
27830 5834
8647 5314
8644 5312
8645 5313
8643 5311
8640 5310
31467 5928
27741 5813
30898 5883
5741 3783
5742 3784
5747 3785
27685 5800
27689 5801
55052 6775
51575 6633
25826 5543
25827 5544
25825 5542
25828 5545
5266 3501
5265 3500
6668 4333
6669 4334
6662 4328
6663 4329
6660 4326
6661 4327
6666 4332
6664 4330
6665 4331
7 5
52885 6687
63992 7123
32162 5978
32160 5977
2135 1385
26228 5643
2378 1556
2379 1557
2375 1553
2376 1554
2377 1555
2370 1550
2371 1551
2373 1552
1876 1172
1874 1170
1875 1171
1873 1169
1879 1173
4945 3304
4944 3303
4947 3305
4941 3301
4942 3302
2118 1371
2130 1380
2110 1364
2111 1365
2112 1366
2114 1367
2115 1368
2116 1369
2117 1370
58103 6906
58105 6907
1919 1202
1918 1201
5108 3410
5109 3411
3289 2201
42723 6295
5102 3404
5103 3405
1913 1197
5101 3403
3283 2197
5107 3409
1917 1200
5105 3407
57368 6881
36397 6142
882 545
880 544
885 546
888 547
51094 6622
34405 6116
6868 4466
6869 4467
6864 4464
6867 4465
6861 4461
6862 4462
6863 4463
40819 6241
40817 6240
7354 4825
8254 5146
1269 828
8256 5147
8253 5145
8252 5144
667 446
1262 821
665 444
1260 819
663 443
8258 5149
1265 824
1264 823
1911 1195
8789 5383
8783 5379
8782 5378
8781 5377
8780 5376
3285 2199
8785 5381
8784 5380
3284 2198
7618 4924
7619 4925
7614 4921
7615 4922
7616 4923
1914 1198
3281 2196
1916 1199
34648 6134
34326 6109
44849 6369
34323 6108
44844 6368
34321 6107
26414 5677
8512 5244
4128 2771
31555 5933
4122 2767
4121 2766
4120 2765
4126 2770
4125 2769
4124 2768
5689 3755
5685 3753
5684 3752
5686 3754
5681 3751
5680 3750
31878 5954
5979 3923
5978 3922
5971 3919
5970 3918
32395 5999
5975 3921
5974 3920
60522 7022
56775 6867
52435 6666
25788 5538
2587 1699
2585 1698
33615 6059
2583 1697
2582 1696
2581 1695
2580 1694
42718 6293
6059 3967
6058 3966
6057 3965
6051 3963
6052 3964
2639 1733
2638 1732
2635 1729
2634 1728
2637 1731
2636 1730
2630 1725
2633 1727
2632 1726
3544 2373
3545 2374
3546 2375
3547 2376
3540 2371
3543 2372
3548 2377
3549 2378
45726 6410
45722 6409
45720 6408
45728 6411
2965 1962
2964 1961
2967 1964
2966 1963
2961 1959
2962 1960
762 495
760 493
761 494
766 498
2968 1965
764 496
765 497
54290 6745
5379 3572
5378 3571
1078 685
1079 686
1076 683
1077 684
5377 3570
5370 3568
5373 3569
1071 681
4338 2916
4339 2917
4336 2914
4337 2915
4334 2912
4335 2913
4333 2911
4330 2910
3135 2087
5182 3458
3130 2083
3133 2085
3132 2084
37855 6183
37857 6184
3138 2088
37853 6182
27523 5784
26791 5737
5180 3457
5769 3798
5766 3796
5767 3797
5764 3794
5765 3795
5762 3792
5763 3793
5761 3791
59065 6952
1531 989
27664 5798
27660 5797
25805 5541
8190 5123
6433 4186
27721 5805
1626 1037
8195 5126
2978 1973
7420 4862
63859 7121
26509 5695
27005 5758
5184 3460
6601 4292
6603 4293
6605 4294
6607 4295
6609 4296
56563 6860
50601 6595
2975 1971
60950 7039
1042 665
5366 3564
5367 3565
4571 3077
2358 1539
2359 1540
43928 6333
2352 1533
2353 1534
2351 1532
2356 1537
5368 3566
2354 1535
2355 1536
58490 6929
49651 6560
1899 1188
3739 2502
3738 2501
3737 2500
3736 2499
3735 2498
3734 2497
3733 2496
3732 2495
1892 1183
3730 2494
4691 3142
4690 3141
4921 3289
4920 3288
4927 3292
4926 3291
4697 3145
4696 3144
4699 3147
4698 3146
4929 3294
4928 3293
2138 1388
2139 1389
5160 3447
5161 3448
5164 3449
5165 3450
2784 1831
5168 3451
5169 3452
2787 1833
52604 6676
52606 6677
2780 1829
36401 6143
31956 5958
40815 6239
31952 5957
8257 5148
1268 827
48520 6507
668 447
1263 822
666 445
1261 820
1799 1131
1792 1129
1791 1128
1797 1130
1266 825
6849 4454
661 442
6842 4449
6843 4450
6840 4447
6841 4448
6847 4453
6844 4451
6845 4452
54116 6731
40833 6243
6676 4338
33639 6061
8232 5140
6592 4286
6593 4287
6595 4288
8235 5141
6598 4290
6599 4291
8239 5143
39400 6207
59478 6972
39408 6208
7636 4930
7637 4931
8786 5382
31617 5937
5345 3552
1537 990
3093 2057
3090 2055
3091 2056
1245 804
3097 2060
3094 2058
3095 2059
1249 808
1248 807
3098 2061
3099 2062
47382 6454
4101 2753
4100 2752
4103 2755
4102 2754
4105 2757
4104 2756
4106 2758
4108 2759
7613 4920
3892 2606
3893 2607
3891 2605
3896 2609
3897 2610
3895 2608
56176 6851
56174 6850
56171 6849
5341 3550
5951 3904
5950 3903
5952 3905
5955 3907
5954 3906
5957 3909
5956 3908
5959 3911
5958 3910
56719 6864
56715 6863
55872 6831
27340 5768
6039 3958
6038 3957
52456 6668
52458 6669
6031 3954
6037 3956
6035 3955
2653 1746
2652 1745
2651 1744
2650 1743
2657 1749
2655 1748
2654 1747
7388 4848
7382 4844
7383 4845
7380 4842
7381 4843
7386 4846
7387 4847
33138 6034
33136 6033
49822 6565
49824 6566
46839 6432
3562 2387
3563 2388
3566 2391
3564 2389
3565 2390
3569 2392
4484 3020
4485 3021
4486 3022
4487 3023
4480 3018
4482 3019
44840 6367
4488 3024
4489 3025
2903 1913
2902 1912
2901 1911
2900 1910
708 464
709 465
2905 1915
2904 1914
704 461
705 462
707 463
702 460
58246 6912
60044 6997
33794 6075
5319 3536
5318 3535
5313 3532
5312 3531
5311 3530
5310 3529
5316 3534
5314 3533
1986 1268
1987 1269
31247 5907
1632 1042
3153 2101
3152 2100
3151 2099
3150 2098
3157 2105
3156 2104
3155 2103
3154 2102
1982 1264
3159 2107
3158 2106
1635 1044
1981 1263
1267 826
27648 5796
59044 6951
25868 5556
48082 6490
25866 5555
25865 5554
8574 5268
8575 5269
8576 5270
8577 5271
8571 5266
8573 5267
8578 5272
8579 5273
31427 5921
31424 5920
31422 5919
31420 5918
7404 4855
39231 6201
31429 5922
7402 4854
568 399
55363 6811
32211 5981
2816 1855
6629 4309
6626 4308
6624 4306
6625 4307
6623 4305
6620 4304
26599 5711
64942 7145
4714 3158
2331 1518
4716 3159
4717 3160
4710 3156
2335 1521
2336 1522
4713 3157
4718 3161
43419 6310
59290 6960
3715 2483
3717 2485
3716 2484
3710 2481
3712 2482
3719 2486
46337 6421
4909 3280
4679 3136
4678 3135
4901 3276
4676 3133
4903 3278
4902 3277
4673 3132
2483 1637
4907 3279
8188 5121
2012 1289
5149 3438
5146 3436
5147 3437
5144 3434
5145 3435
5142 3432
5143 3433
5140 3430
5141 3431
121 89
122 90
123 91
60753 7030
125 92
1188 751
1189 752
3377 2259
1187 750
1184 747
7952 5054
3374 2256
3373 2255
3372 2254
3371 2253
7247 4756
7245 4755
7244 4754
7243 4753
7242 4752
7241 4751
7248 4757
6820 4439
6822 4440
6825 4441
6827 4442
63222 7112
8815 5403
8814 5402
8813 5401
8810 5400
37335 6164
8749 5359
8748 5358
30659 5861
8742 5357
59908 6991
8740 5356
7650 4937
39427 6212
39425 6211
31658 5938
31685 5941
44889 6371
56511 6859
1519 986
1515 984
1517 985
1513 983
55178 6787
55176 6786
58783 6936
3397 2272
32392 5998
55280 6804
55282 6805
51705 6640
51255 6625
51709 6641
3396 2271
61167 7048
48883 6529
61160 7047
60566 7024
48698 6517
27368 5769
56156 6844
56152 6843
56158 6845
263 183
262 182
261 181
260 180
32022 5965
266 186
265 185
264 184
54686 6752
32029 5967
6010 3943
6014 3944
6017 3946
6016 3945
57464 6884
982 620
983 621
986 622
26012 5598
45106 6381
64918 7143
3508 2352
5088 3397
5083 3393
5082 3392
5081 3391
5080 3390
5087 3396
3505 2349
5085 3395
5084 3394
2671 1757
2670 1756
2673 1759
2672 1758
2675 1760
2677 1761
2929 1932
2928 1931
2921 1925
2920 1924
2922 1926
2925 1928
2924 1927
2927 1930
2926 1929
5331 3542
5333 3544
5332 3543
5335 3546
5334 3545
1208 769
5338 3547
43914 6327
3179 2123
3178 2122
3171 2116
3173 2118
3172 2117
3175 2120
3174 2119
3176 2121
30793 5868
43919 6329
59333 6965
27563 5786
724 473
725 474
722 472
720 471
59784 6987
728 475
729 476
45499 6394
1167 735
1161 733
1162 734
1168 736
1169 737
47999 6486
27627 5794
25840 5549
472 322
1367 901
59022 6948
2034 1307
59026 6949
31221 5904
31223 5905
471 321
31225 5906
41527 6260
2785 1832
477 325
2033 1306
5250 3495
34542 6130
34540 6129
8008 5072
5256 3497
8007 5071
8003 5070
3728 2492
7460 4881
5258 3498
32239 5983
32234 5982
2320 1509
52867 6686
26578 5709
4930 3295
62081 7082
4733 3170
2318 1508
4735 3172
2316 1507
2314 1506
2312 1504
2313 1505
2310 1502
2311 1503
5854 3839
5855 3840
5856 3841
5853 3838
5858 3842
3773 2527
3771 2526
3770 2525
3777 2530
3776 2529
3775 2528
3779 2531
4654 3125
4653 3124
4652 3123
4659 3127
4658 3126
41831 6272
7889 5015
7888 5014
53121 6697
26371 5671
7881 5009
7883 5010
7885 5012
7884 5011
7886 5013
52644 6678
62511 7094
100 78
101 79
107 82
104 80
105 81
53129 6701
45666 6404
45664 6403
45662 6402
45668 6405
7265 4768
7260 4766
7263 4767
6204 4043
6206 4044
6207 4045
6201 4040
6202 4041
6203 4042
6208 4046
6808 4428
6809 4429
6807 4427
6804 4426
55765 6824
6803 4425
6800 4423
6801 4424
53519 6713
55768 6825
26996 5757
33679 6069
8838 5411
8835 5409
8834 5408
33672 6067
8836 5410
8831 5406
8833 5407
33677 6068
7675 4938
26803 5739
1757 1113
1755 1112
1754 1111
1753 1110
1752 1109
1285 844
1284 843
1287 846
1286 845
1281 840
1280 839
1283 842
1282 841
1289 848
1288 847
8765 5367
8767 5369
8766 5368
34336 6112
1573 1010
1572 1009
1570 1008
681 454
680 453
8057 5089
8504 5240
55110 6781
5629 3721
5628 3720
55118 6783
5625 3719
5621 3718
5620 3717
8493 5235
8492 5234
8491 5233
34153 6099
8496 5238
8495 5237
8494 5236
50851 6608
5995 3935
5994 3934
5991 3932
5990 3931
5992 3933
5999 3937
5998 3936
51277 6626
43869 6321
4677 3134
6781 4408
6780 4407
6783 4410
6782 4409
6785 4411
6787 4413
6786 4412
6788 4414
247 171
246 170
240 168
55805 6826
242 169
249 173
248 172
26386 5674
2888 1901
26388 5675
2889 1902
57401 6883
3698 2470
3699 2471
1366 900
3691 2463
3692 2464
3693 2465
3694 2466
3695 2467
3696 2468
3697 2469
26038 5599
44788 6365
3526 2363
3527 2364
3524 2361
3525 2362
3521 2360
49312 6549
3528 2365
3529 2366
338 230
2699 1775
2697 1774
2695 1773
2694 1772
2693 1771
2692 1770
2691 1769
2690 1768
1363 898
33539 6053
27815 5827
27816 5828
41573 6264
48043 6488
27812 5826
40952 6248
40955 6249
1361 897
40959 6250
26782 5735
1140 726
1147 727
1148 728
47202 6448
47200 6447
27608 5791
27604 5790
7199 4722
7193 4717
7190 4716
7197 4721
7196 4720
7195 4719
7194 4718
11 9
10 8
2969 1966
13 11
34528 6123
12 10
8530 5257
15 13
8532 5259
8533 5260
8535 5261
8025 5081
7441 4867
7440 4866
7442 4868
7445 4870
7444 4869
7446 4871
7449 4873
7448 4872
6405 4173
44929 6372
4282 2878
4280 2877
4285 2879
60937 7037
26550 5701
26555 5703
26554 5702
380 265
381 266
382 267
383 268
389 269
4750 3180
31973 5959
4753 3181
4754 3182
4756 3183
5872 3848
5873 3849
5870 3847
5876 3852
5874 3850
5875 3851
5878 3853
5879 3854
3759 2517
3758 2516
3751 2510
3753 2512
3752 2511
3755 2514
3754 2513
3756 2515
4633 3112
2191 1430
4630 3110
2194 1432
4636 3113
2196 1433
4639 3115
4638 3114
4813 3222
4812 3221
60069 6999
168 116
169 117
164 113
165 114
64030 7124
167 115
160 109
161 110
162 111
163 112
32598 6010
6195 4036
6196 4037
6197 4038
6192 4034
6193 4035
46664 6428
6198 4039
2734 1801
2735 1802
2736 1803
2737 1804
2730 1798
2731 1799
2732 1800
30825 5876
2738 1805
2739 1806
30820 5874
7209 4729
7208 4728
7202 4724
7201 4723
7206 4727
7205 4726
7204 4725
6222 4056
6223 4057
6220 4055
6226 4059
6225 4058
6228 4060
6229 4061
31260 5910
31263 5911
3134 2086
8859 5423
8858 5422
803 516
8852 5418
801 514
800 513
8856 5421
805 518
8854 5420
26828 5743
5275 3505
5276 3506
5277 3507
1770 1119
1773 1121
1772 1120
1779 1123
5279 3508
32261 5984
63446 7116
1552 998
3038 2018
3039 2019
1556 1001
3034 2014
1558 1002
3036 2016
3037 2017
3030 2011
3032 2012
3033 2013
8703 5341
8700 5340
34319 6106
50872 6610
5605 3704
5604 3703
5606 3705
5601 3700
5600 3699
5603 3702
5602 3701
5609 3707
5608 3706
32596 6009
6427 4182
6422 4181
6428 4183
6429 4184
39398 6206
31408 5916
6769 4398
6768 4397
6765 4396
6764 4395
6763 4394
6762 4393
6761 4392
6760 4391
57243 6878
57792 6899
46335 6420
229 158
227 157
225 156
224 155
223 154
222 153
51834 6642
220 152
64622 7137
64620 7136
54331 6746
64959 7147
26059 5604
26052 5602
2506 1650
2505 1649
2503 1648
2502 1647
2501 1646
26055 5603
46850 6433
58047 6903
46855 6434
52561 6673
5049 3370
5047 3369
5046 3368
5045 3367
5041 3366
5040 3365
59795 6988
61279 7059
33085 6031
48682 6515
1526 987
1255 814
3207 2144
33880 6086
3205 2143
27831 5835
1992 1271
27837 5837
27834 5836
3203 2141
27839 5839
27838 5838
3202 2140
1997 1276
1624 1035
1128 719
1129 720
1120 713
1123 714
1124 715
1125 716
1126 717
1127 718
25885 5558
25886 5559
25888 5560
31770 5950
8516 5245
8042 5085
8044 5086
8045 5087
8511 5243
8518 5246
8519 5247
26614 5713
26616 5714
57910 6900
61024 7042
2864 1886
32011 5962
50685 6598
58191 6911
2868 1888
61248 7052
61240 7050
61246 7051
4776 3194
4777 3195
4774 3192
4775 3193
4773 3191
4770 3189
4771 3190
26285 5658
26283 5657
4778 3196
5818 3823
5810 3818
5812 3819
5813 3820
5816 3821
5817 3822
52356 6664
4619 3105
4611 3099
4613 3101
4612 3100
4614 3102
4617 3104
4616 3103
60289 7006
58025 6902
2704 1779
147 99
144 97
145 98
140 95
141 96
4884 3267
149 100
53883 6717
53887 6718
2702 1778
3342 2235
3343 2236
3340 2233
2712 1784
2710 1783
3341 2234
2716 1785
2717 1786
2718 1787
2719 1788
3347 2238
7221 4737
7223 4739
7222 4738
7225 4740
3344 2237
7227 4742
7226 4741
7229 4744
7228 4743
5457 3626
7959 5055
6242 4071
6244 4072
6245 4073
6247 4074
53550 6714
47940 6479
8870 5432
8873 5433
8875 5435
8874 5434
8879 5436
48214 6493
45335 6388
827 523
823 522
26840 5745
26842 5746
8167 5118
1713 1090
1711 1089
1717 1091
5254 3496
53769 6716
1719 1092
31694 5944
62113 7083
3018 2004
3019 2005
3012 1998
3013 1999
3010 1996
3011 1997
3016 2002
3017 2003
3014 2000
3015 2001
34338 6113
34332 6110
34334 6111
8724 5348
8727 5349
4189 2809
4188 2808
50858 6609
4181 2802
4180 2801
4183 2803
4185 2805
4184 2804
4187 2807
4186 2806
5666 3740
5665 3739
5664 3738
5669 3742
5668 3741
34198 6104
43679 6315
6402 4170
6403 4171
6400 4168
6401 4169
8189 5122
6407 4174
6404 4172
16 14
19 17
18 16
30949 5884
6409 4175
8183 5120
7764 4964
7766 4965
7767 4966
51991 6651
7761 4962
7762 4963
7769 4967
3905 2612
3906 2613
3902 2611
6744 4380
6747 4382
6746 4381
6743 4379
32593 6008
32591 6007
6749 4384
6748 4383
50147 6577
50149 6578
201 141
203 143
202 142
205 145
204 144
207 146
833 527
208 147
830 524
831 525
836 528
837 529
25763 5531
25762 5530
25764 5532
25766 5533
25769 5534
49530 6557
8887 5440
3478 2331
3658 2443
3654 2442
3650 2439
3652 2440
3653 2441
2525 1661
2524 1660
2527 1662
26073 5606
2521 1659
2520 1658
58306 6920
26078 5607
2529 1664
2528 1663
45431 6390
57223 6877
5065 3380
5064 3379
5066 3381
5060 3377
5062 3378
5069 3383
5068 3382
52545 6672
26203 5639
4408 2966
4409 2967
4404 2962
4405 2963
4406 2964
4407 2965
4401 2959
4402 2960
4403 2961
928 581
929 582
920 574
921 575
922 576
923 577
924 578
926 579
927 580
5392 3583
5391 3582
5390 3581
5395 3584
58975 6943
5399 3586
5398 3585
58972 6942
48780 6522
43926 6332
27850 5843
27587 5788
27584 5787
784 505
785 506
786 507
787 508
780 501
781 502
782 503
783 504
43923 6331
788 509
789 510
2357 1538
43921 6330
59519 6974
1371 903
7158 4692
7157 4691
7156 4690
7155 4689
7154 4688
7153 4687
1373 905
7151 4685
7150 4684
404 275
34072 6094
8069 5091
8062 5090
7485 4889
7484 4888
7487 4891
7486 4890
7481 4886
7480 4885
7482 4887
7489 4893
7488 4892
2899 1909
2898 1908
2895 1905
25945 5581
2897 1907
2896 1906
2891 1904
2890 1903
50447 6592
1454 955
5245 3492
1456 956
1457 957
1450 954
1103 707
1100 705
1727 1097
1459 958
1725 1095
1894 1185
1895 1186
26513 5696
1897 1187
56389 6858
1891 1182
1893 1184
2136 1386
2137 1387
42556 6289
2134 1384
4692 3143
4798 3209
4799 3210
4794 3206
4795 3207
4796 3208
4790 3204
4792 3205
2133 1383
5836 3831
5837 3832
5832 3829
5833 3830
2131 1381
5839 3833
65037 7152
51174 6624
2668 1755
61262 7057
61267 7058
52375 6665
2778 1827
2779 1828
4899 3275
4898 3274
2770 1823
2772 1824
3002 1989
2774 1825
2775 1826
7979 5057
7976 5056
6266 4087
6267 4088
6264 4085
6265 4086
6263 4084
6260 4083
6268 4089
6269 4090
53207 6704
49274 6542
27456 5781
49272 6541
49278 6544
27450 5780
3467 2322
3466 2321
842 533
841 532
8898 5443
8897 5442
8895 5441
849 534
3468 2323
2406 1579
55245 6790
44555 6352
44004 6338
26865 5747
7152 4686
2407 1580
5238 3488
5239 3489
1731 1100
1730 1099
1733 1102
1732 1101
1735 1104
1734 1103
40278 6224
3070 2040
3071 2041
1597 1020
3074 2043
3075 2044
1593 1017
3077 2045
3078 2046
3079 2047
33966 6089
1599 1021
54001 6728
59985 6994
31528 5930
31522 5929
5649 3733
5640 3728
5643 3730
5642 3729
5644 3731
5646 3732
40586 6234
40581 6232
40583 6233
47725 6468
47723 6467
489 333
488 332
485 331
484 330
483 329
482 328
481 327
480 326
31035 5888
6460 4207
6462 4208
6463 4209
6464 4210
4827 3229
6466 4211
6467 4212
7742 4954
7743 4955
31030 5887
7745 4956
7748 4957
7749 4958
31038 5889
3923 2622
3921 2621
3926 2624
3927 2625
3925 2623
3928 2626
3929 2627
6723 4368
6722 4367
6721 4366
6727 4372
6726 4371
6725 4370
6724 4369
6729 4373
50162 6583
50160 6582
14 12
17 15
6090 3984
6093 3985
6094 3986
6096 3987
25746 5524
25744 5523
50442 6590
46723 6429
26677 5718
3678 2453
3679 2454
3672 2449
3671 2448
3676 2451
3677 2452
3675 2450
2542 1673
2541 1672
2546 1674
2549 1675
1104 708
64993 7150
5003 3340
3581 2395
5001 3338
5000 3337
5007 3343
5005 3342
3587 2399
3588 2400
5009 3345
1101 706
38824 6195
902 556
903 557
900 554
4429 2982
906 560
907 561
904 558
905 559
4422 2976
908 562
909 563
4426 2979
4427 2980
4424 2977
4425 2978
53921 6720
62344 7090
64229 7127
48394 6502
56607 6862
44761 6363
27876 5851
27875 5850
27874 5849
27873 5848
27879 5853
27878 5852
44494 6351
27788 5820
26147 5624
8937 5468
8930 5465
8931 5466
8933 5467
54259 6736
8938 5469
1554 999
48872 6526
34271 6105
7175 4706
7174 4705
7177 4708
7176 4707
7170 4703
7173 4704
7179 4710
7178 4709
719 470
31737 5949
718 469
1696 1083
1694 1081
1695 1082
1693 1080
1690 1079
716 468
1699 1084
34018 6091
44949 6374
39292 6203
1476 965
1477 966
1474 963
1475 964
47261 6450
1479 967
47264 6451
31193 5903
4228 2841
4229 2842
4224 2838
4225 2839
4226 2840
4220 2834
4221 2835
4222 2836
4223 2837
5586 3692
25 23
26 24
48741 6519
20 18
21 19
22 20
23 21
28 25
29 26
5588 3693
48744 6520
1069 680
50842 6607
1068 679
31998 5960
1061 676
1060 675
4923 3290
1064 677
27266 5765
2288 1488
2289 1489
2280 1481
2281 1482
2282 1483
2283 1484
2284 1485
2285 1486
2287 1487
64990 7149
32361 5993
32369 5994
26788 5736
4826 3228
4535 3055
6591 4285
4530 3051
4531 3052
7919 5031
7918 5030
7913 5026
7912 5025
7917 5029
7915 5028
7914 5027
53038 6696
6288 4103
6596 4289
6285 4100
6286 4101
6287 4102
6281 4098
6283 4099
183 129
180 127
181 128
186 131
187 132
26133 5619
185 130
188 133
26139 5623
26138 5622
46972 6440
46970 6439
31270 5912
46974 6441
869 543
3448 2311
861 539
860 538
3447 2310
3441 2305
864 540
867 542
866 541
2024 1300
2025 1301
2027 1302
2020 1296
2021 1297
2022 1298
2023 1299
2028 1303
2029 1304
2759 1817
44022 6339
5214 3476
5213 3475
5210 3474
5218 3477
5219 3478
37287 6163
419 284
62155 7084
3058 2032
33903 6088
3054 2030
3055 2031
3052 2028
3053 2029
3050 2026
3051 2027
45950 6416
8 6
1311 867
1310 866
6914 4498
6447 4196
6916 4499
6442 4193
6911 4496
6440 4191
6913 4497
6918 4500
6448 4197
59258 6959
59256 6958
7728 4952
31053 5892
7720 4950
7725 4951
3948 2637
3949 2638
55080 6779
3942 2634
3946 2635
3947 2636
6709 4361
6708 4360
6701 4356
6700 4355
8327 5166
6705 4358
6704 4357
6707 4359
32770 6023
55555 6818
4056 2719
4055 2718
4054 2717
4052 2716
4051 2715
26306 5662
26302 5660
26303 5661
44864 6370
3614 2413
3615 2414
3617 2415
3618 2416
3619 2417
56286 6854
2561 1683
2560 1682
2563 1684
2565 1685
2567 1687
2566 1686
32082 5973
32088 5974
5021 3353
5022 3354
5025 3355
5027 3357
5026 3356
4440 2989
4441 2990
4442 2991
4443 2992
4444 2993
4446 2994
4447 2995
4448 2996
964 611
965 612
57484 6885
963 610
968 613
969 614
41285 6258
64249 7128
1241 800
1240 799
44709 6360
1243 802
1242 801
49396 6552
645 435
1244 803
59731 6985
27899 5857
1247 806
59738 6986
1246 805
57951 6901
648 437
5198 3466
3235 2161
8912 5452
5195 3464
8910 5450
8911 5451
8916 5455
8917 5456
8914 5453
8915 5454
54276 6740
8918 5457
8919 5458
3238 2162
33750 6074
5196 3465
7113 4658
7112 4657
7111 4656
7117 4662
7116 4661
7115 4660
7114 4659
7119 4664
5192 3462
49932 6568
1678 1068
1679 1069
1674 1064
1675 1065
1676 1066
1677 1067
1670 1061
1672 1062
1673 1063
40629 6236
47937 6478
1419 939
1411 934
1412 935
1413 936
1416 937
1417 938
3963 2645
4208 2825
4203 2821
4200 2819
4201 2820
4207 2824
4204 2822
4205 2823
647 436
5569 3686
5560 3683
5561 3684
5563 3685
308 212
309 213
300 205
301 206
302 207
303 208
305 209
306 210
307 211
58334 6924
61048 7043
27792 5822
58332 6923
27790 5821
46559 6424
4890 3272
4896 3273
55946 6834
32347 5990
55154 6784
32349 5991
42418 6288
470 320
55156 6785
6118 3996
6116 3995
42736 6301
56367 6857
7282 4776
7933 5038
7932 5037
7935 5040
7934 5039
7937 5042
7936 5041
7939 5044
7938 5043
7288 4779
26111 5613
26117 5615
26116 5614
26119 5616
63808 7119
3429 2295
3428 2294
36752 6160
56945 6875
3423 2289
3422 2288
3421 2287
3420 2286
3427 2293
3426 2292
3425 2291
3424 2290
2002 1281
2003 1282
2000 1279
2001 1280
4589 3089
2004 1283
4858 3250
4857 3249
4856 3248
4587 3088
2009 1286
4580 3084
4851 3246
4850 3245
8158 5117
54736 6756
54734 6755
54732 6754
27408 5775
27402 5774
40010 6222
1086 693
1085 692
1084 691
1083 690
1082 689
1081 688
1080 687
1089 695
1088 694
41721 6270
1904 1192
47099 6444
448 305
1339 879
1335 877
1334 876
1337 878
440 298
1331 873
446 304
1333 875
1332 874
6932 4508
6930 4507
6936 4511
8698 5339
6934 4509
8128 5103
8695 5338
8126 5101
8125 5100
6939 4513
8123 5099
8690 5336
8693 5337
7706 4946
7704 4944
7705 4945
7702 4943
7700 4941
7701 4942
32 28
31 27
5187 3461
36 31
7708 4947
34 29
31079 5893
49276 6543
8341 5172
8340 5171
31184 5902
26326 5665
3462 2320
4079 2732
4078 2731
4077 2730
4073 2729
4072 2728
5797 3812
3967 2648
3964 2646
5792 3810
5791 3809
3961 2644
5799 3813
3969 2650
3638 2432
3639 2433
3637 2431
3634 2429
3635 2430
3632 2427
3633 2428
3631 2426
3469 2324
5450 3621
56003 6839
26211 5640
4468 3006
4469 3007
4467 3005
4464 3003
4465 3004
4462 3002
60161 7005
948 600
949 601
946 598
947 599
944 596
945 597
942 594
943 595
940 592
941 593
48600 6513
6455 4203
6327 4127
6326 4126
6323 4125
6322 4124
6320 4123
42602 6290
6329 4128
59715 6980
6457 4204
43932 6335
63121 7109
8978 5497
8979 5498
62836 7099
8970 5492
8972 5493
8973 5494
8974 5495
8977 5496
7139 4678
44189 6341
7130 4672
7132 4673
7135 4675
7134 4674
7137 4677
7136 4676
49910 6567
1658 1057
1653 1054
1650 1053
1656 1056
1655 1055
586 403
1739 1105
585 402
581 401
26698 5725
588 405
589 406
2839 1866
2837 1865
3391 2268
5406 3591
5405 3590
5404 3589
47956 6482
3394 2270
5401 3588
5400 3587
3399 2274
3398 2273
1438 946
5408 3592
5231 3487
4262 2863
4263 2864
4265 2865
4267 2866
41863 6273
3702 2474
1885 1178
5548 3679
3701 2473
3263 2182
5542 3674
5543 3675
5540 3672
5541 3673
5547 3678
5544 3676
5545 3677
1881 1174
8598 5281
8596 5280
8595 5279
34583 6132
2120 1372
5890 3860
5891 3861
5893 3862
5896 3863
5897 3864
5899 3865
48982 6531
2126 1378
25916 5571
2128 1379
5453 3624
4666 3130
4863 3252
320 219
321 220
326 222
327 223
324 221
328 224
329 225
1595 1019
6139 4004
1594 1018
6132 4001
6133 4002
3072 2042
6134 4003
1590 1016
57528 6890
57522 6888
57526 6889
61970 7079
54004 6729
26178 5635
3252 2171
2248 1461
2249 1462
26171 5632
2245 1459
2247 1460
2241 1457
2243 1458
3401 2276
3400 2275
3403 2277
3405 2278
3406 2279
3409 2281
3408 2280
4874 3261
4876 3262
4871 3258
4870 3257
4873 3260
4872 3259
4878 3263
2068 1329
2069 1330
2798 1842
2799 1843
53004 6695
2792 1836
2793 1837
2791 1835
2796 1840
2797 1841
2794 1838
2795 1839
33493 6050
58655 6934
33495 6051
33499 6052
58879 6941
52717 6682
55255 6794
52712 6681
62999 7105
5455 3625
36519 6148
36517 6147
36511 6146
3257 2176
62669 7096
62198 7085
48161 6492
38061 6187
5690 3756
7096 4648
7092 4646
7093 4647
7090 4644
7091 4645
7099 4649
4883 3266
34065 6093
1359 896
1358 895
469 319
468 318
465 316
464 315
1351 890
466 317
1357 894
1356 893
1354 892
6958 4528
6959 4529
6950 4521
6483 4221
6952 4523
6953 4524
6954 4525
6487 4225
6956 4526
6957 4527
26770 5733
26776 5734
8361 5174
8360 5173
8363 5176
8362 5175
8365 5178
8364 5177
8367 5180
8366 5179
8369 5182
8368 5181
60405 7014
3185 2126
3186 2127
3181 2124
3183 2125
3188 2128
3189 2129
26349 5667
4019 2691
4018 2690
43710 6318
4012 2685
4011 2684
4010 2683
4017 2689
4016 2688
4015 2687
4014 2686
51091 6621
3988 2664
3989 2665
3984 2660
3985 2661
3986 2662
3987 2663
3980 2656
3981 2657
3982 2658
3983 2659
5796 3811
60363 7011
1111 709
289 198
288 197
51678 6637
281 195
280 194
282 196
1114 710
56028 6840
38886 6196
1116 711
47907 6477
44613 6355
2476 1634
2475 1633
2474 1632
2472 1631
2471 1630
2470 1629
64285 7130
45210 6386
64280 7129
2478 1635
7872 5008
6309 4118
6308 4117
6305 4116
6301 4113
6303 4115
6302 4114
31804 5952
8956 5479
8957 5480
8955 5478
8952 5477
8950 5475
8951 5476
8958 5481
8959 5482
62851 7101
26903 5751
48774 6521
2906 1916
3214 2149
1631 1041
3216 2150
1633 1043
3210 2146
3211 2147
1980 1262
3213 2148
1639 1045
3218 2151
3219 2152
45074 6379
41025 6257
40732 6238
2815 1854
2908 1917
2810 1853
44301 6348
562 395
563 396
2819 1856
565 397
567 398
33685 6071
33681 6070
47978 6484
5428 3606
3379 2261
3378 2260
5425 3604
3376 2258
3375 2257
5426 3605
5421 3601
5420 3600
5423 3603
5422 3602
59590 6975
59594 6976
31682 5940
31687 5942
4248 2856
4246 2854
4247 2855
31689 5943
4242 2852
4243 2853
4241 2851
5522 3665
5525 3666
5527 3667
5528 3668
5529 3669
48 42
49 43
46 40
47 41
44 38
45 39
42 36
43 37
40 34
41 35
6545 4260
59336 6966
6542 4259
6541 4258
6540 4257
6548 4261
25938 5576
25934 5575
25930 5574
344 234
345 235
346 236
347 237
340 232
342 233
348 238
349 239
33312 6044
32300 5989
33646 6063
6151 4012
55908 6833
6155 4013
6156 4014
6157 4015
6158 4016
6159 4017
55901 6832
26488 5688
4830 3230
64701 7138
26485 5686
26487 5687
8302 5165
59915 6993
4523 3048
4834 3233
6587 4283
59910 6992
26155 5629
26152 5628
26151 5627
26150 5626
59440 6971
26158 5630
8206 5133
2268 1474
2269 1475
2132 1382
8207 5134
2262 1469
2263 1470
2261 1468
2266 1473
2264 1471
2265 1472
6588 4284
42900 6304
8201 5131
2046 1312
2047 1313
4811 3220
2042 1310
2043 1311
2040 1309
4814 3223
2048 1314
44195 6344
57504 6886
57509 6887
54881 6766
37830 6180
36535 6155
36537 6156
36531 6153
36533 6154
36539 6157
60647 7025
54771 6759
54775 6760
48416 6505
48414 6504
48412 6503
48142 6491
8236 5142
41769 6271
59105 6954
59103 6953
1365 899
7078 4633
7079 4634
7074 4629
7075 4630
7076 4631
7077 4632
7070 4625
7071 4626
7072 4627
7073 4628
37955 6185
30745 5866
6977 4543
6974 4541
6975 4542
6972 4539
6973 4540
6970 4537
6971 4538
8169 5119
30749 5867
6978 4544
6979 4545
50259 6587
26713 5728
50253 6586
61348 7061
8387 5194
8385 5193
8384 5192
8382 5191
61697 7072
40414 6228
40412 6227
4389 2951
4388 2950
4383 2948
4381 2947
4380 2946
4384 2949
407 277
1370 902
405 276
1372 904
1375 907
1374 906
1377 909
1376 908
1379 911
1378 910
4030 2701
4033 2702
4035 2704
4034 2703
4037 2706
4036 2705
4039 2707
26366 5670
51077 6615
55020 6774
60126 7002
64114 7126
42021 6283
60046 6998
2459 1621
2458 1620
2455 1618
2454 1617
2457 1619
2451 1615
2450 1614
2453 1616
52037 6653
6368 4151
6367 4150
6366 4149
6365 4148
3088 2053
44199 6346
1509 982
47394 6455
58998 6944
37545 6171
54962 6769
1977 1259
1976 1258
48319 6497
659 441
1975 1257
1974 1256
26965 5755
1605 1024
1972 1254
1971 1253
49957 6569
1606 1025
3232 2160
3231 2159
1968 1250
1969 1251
60040 6996
1619 1033
1964 1246
1617 1032
1966 1248
1967 1249
1960 1242
1961 1243
1610 1028
1963 1245
2872 1891
2871 1890
2870 1889
2877 1893
2875 1892
2879 1894
3355 2242
3354 2241
3357 2243
3351 2240
3350 2239
3359 2245
3358 2244
5449 3620
5442 3616
5440 3615
62250 7086
5446 3619
5445 3618
5444 3617
58297 6916
26094 5611
31116 5897
31114 5896
5508 3660
5509 3661
5506 3658
5507 3659
5504 3656
5505 3657
5502 3654
5503 3655
5500 3653
542 379
543 380
540 377
541 378
546 382
547 383
544 381
548 384
549 385
27776 5818
27772 5816
27773 5817
47330 6453
59313 6963
5476 3639
6568 4274
59315 6964
6565 4271
6564 4270
6567 4273
6566 4272
6561 4268
6560 4267
6563 4269
25952 5584
5472 3636
25951 5583
25954 5585
3325 2221
3827 2565
3826 2564
3825 2563
3824 2562
3822 2561
3821 2560
3820 2559
8446 5210
3583 2396
3584 2397
50912 6611
3586 2398
5004 3341
50066 6575
50064 6574
368 255
369 256
367 254
364 252
365 253
362 250
363 251
50068 6576
361 249
55257 6795
5008 3344
55253 6793
55250 6792
32674 6021
51911 6645
55259 6796
6178 4024
6179 4025
6175 4023
6173 4022
6170 4021
39234 6202
2200 1434
2201 1435
2202 1436
2203 1437
2204 1438
2205 1439
2206 1440
2208 1441
2209 1442
4428 2981
901 555
4529 3050
4831 3231
4526 3049
4833 3232
4835 3234
4522 3047
4837 3235
4520 3046
7993 5067
7992 5066
7991 5065
7990 5064
7995 5069
7994 5068
4420 2975
58839 6939
5298 3520
5299 3521
5296 3518
5297 3519
5294 3517
5292 3515
5293 3516
5290 3513
5291 3514
36553 6158
8636 5307
8143 5112
8142 5111
6990 4556
8631 5304
7336 4816
7335 4815
7334 4814
7333 4813
7331 4812
7330 4811
7338 4817
33454 6049
33451 6048
59126 6956
7058 4613
7059 4614
7052 4607
7053 4608
7050 4605
7051 4606
7056 4611
7057 4612
7054 4609
7055 4610
33237 6043
6998 4563
6999 4564
8639 5309
8638 5308
6995 4560
6996 4561
6997 4562
8633 5305
6991 4557
6992 4558
6993 4559
26734 5729
31588 5935
58 50
55 48
54 47
57 49
2993 1983
2994 1984
50 44
53 46
52 45
2990 1981
2991 1982
47836 6475
47830 6474
31584 5934
2995 1985
2996 1986
50189 6584
2997 1987
428 292
1399 926
1398 925
421 286
1396 924
423 287
1394 922
1393 921
1392 920
1391 919
1390 918
30846 5877
853 536
61323 7060
1422 940
1425 942
51638 6634
8939 5470
2330 1517
53988 6725
2333 1519
2334 1520
42009 6278
27700 5802
42007 6277
2337 1523
42002 6275
6699 4354
6698 4353
6692 4351
6690 4350
6697 4352
2439 1607
2433 1603
2432 1602
2431 1601
2430 1600
2437 1606
2436 1605
2435 1604
7839 4999
7831 4992
7832 4993
7833 4994
7834 4995
7835 4996
7836 4997
7837 4998
6341 4137
6340 4136
6345 4139
6344 4138
6347 4141
6346 4140
6348 4142
61818 7076
56060 6841
5470 3635
1807 1136
1806 1135
1805 1134
1804 1133
3786 2537
3784 2535
3785 2536
3788 2538
3789 2539
1809 1137
4994 3333
4995 3334
4992 3331
4993 3332
4990 3330
45525 6398
59306 6962
4998 3335
4999 3336
44694 6359
49422 6553
3258 2177
3259 2178
1948 1230
1949 1231
1942 1224
1943 1225
1940 1222
1941 1223
1946 1228
1947 1229
1944 1226
1945 1227
31101 5895
2859 1881
2858 1880
2851 1876
2850 1875
2853 1878
2852 1877
2857 1879
5461 3629
3332 2226
5463 3631
5462 3630
3337 2230
3336 2229
1496 975
1497 976
1498 977
1499 978
3339 2232
3338 2231
1395 923
48593 6510
48596 6511
425 289
48598 6512
424 288
427 291
426 290
524 365
527 366
520 361
521 362
522 363
523 364
529 367
40339 6226
1234 794
1235 795
1236 796
1237 797
1230 790
1231 791
1232 792
1233 793
54256 6735
1238 798
27716 5804
25971 5590
6509 4237
6508 4236
2488 1639
6503 4233
6502 4232
6500 4231
6506 4235
6504 4234
1965 1247
2485 1638
3809 2551
3808 2550
3805 2548
2482 1636
3806 2549
3801 2546
3802 2547
8463 5219
8460 5217
8461 5218
4671 3131
8464 5220
8465 5221
50514 6594
51939 6650
55278 6803
55274 6801
51931 6648
32617 6013
4174 2798
4176 2799
4171 2796
4173 2797
64839 7140
4178 2800
1962 1244
996 628
26199 5638
58595 6932
43011 6305
2229 1451
2227 1450
2225 1449
2223 1448
2221 1447
1 0
5925 3882
5926 3883
5927 3884
5921 3880
5923 3881
5928 3885
4506 3038
4500 3035
4503 3037
4502 3036
4509 3040
4508 3039
2088 1347
2089 1348
60756 7031
2082 1342
2083 1343
2080 1340
2081 1341
2087 1346
2084 1344
2085 1345
60688 7027
55267 6798
55269 6799
63082 7107
7318 4802
7315 4799
7314 4798
7317 4801
7316 4800
7311 4796
7310 4795
7313 4797
54513 6750
54510 6749
33437 6047
33592 6057
59141 6957
7030 4590
7032 4591
7033 4592
7034 4593
7035 4594
7036 4595
9013 5518
7038 4596
9018 5521
50794 6600
37739 6178
37731 6175
37733 6176
37736 6177
30701 5862
30707 5863
7789 4974
7786 4972
7787 4973
7782 4971
50796 6601
1009 634
1007 633
1006 632
1005 631
47810 6472
1003 630
47815 6473
4349 2927
4348 2926
4347 2925
4346 2924
4345 2923
4344 2922
4343 2921
4342 2920
4341 2919
4340 2918
8614 5296
8617 5297
8611 5293
8610 5292
8613 5295
8612 5294
8619 5299
8618 5298
26663 5717
55063 6776
51037 6614
5717 3771
5716 3770
5715 3769
5712 3768
5710 3767
3305 2210
27109 5761
44665 6358
32289 5985
7817 4985
7814 4983
7815 4984
7812 4982
7810 4980
7811 4981
7818 4986
3570 2393
42681 6292
32139 5976
47044 6443
2664 1753
26270 5655
26271 5656
2662 1752
63433 7115
2660 1750
2661 1751
64957 7146
56885 6872
1829 1146
1827 1145
1821 1143
1822 1144
2147 1397
2146 1396
2413 1586
2412 1585
4978 3324
4979 3325
2417 1589
2140 1390
4974 3320
4975 3321
4976 3322
4977 3323
4970 3318
2149 1399
4973 3319
42004 6276
1920 1203
1921 1204
3275 2193
3272 2191
1925 1207
3270 2189
3271 2190
1928 1210
1929 1211
58154 6909
3278 2195
34499 6119
24 22
3318 2218
5489 3647
5488 3646
3311 2215
5486 3645
5483 3644
3317 2217
5480 3642
1984 1266
41627 6268
62 51
65 52
66 53
67 54
69 55
508 350
509 351
506 348
507 349
504 347
502 345
503 346
500 343
501 344
1212 773
1213 774
1210 771
1211 772
1216 777
1217 778
636 431
637 432
638 433
639 434
1218 779
1219 780
6520 4243
6523 4245
6522 4244
8268 5155
1983 1265
6526 4246
8264 5152
6528 4247
8266 5153
8267 5154
8260 5150
8261 5151
27736 5812
25999 5594
25996 5593
25995 5592
25993 5591
31156 5900
31150 5899
3869 2591
3868 2590
3863 2589
3862 2588
3861 2587
3860 2586
32456 6000
8401 5200
8403 5201
8404 5202
8405 5203
7570 4906
7573 4908
7572 4907
7577 4909
7579 4911
7578 4910
58315 6922
61465 7067
52973 6691
52975 6692
55272 6800
4152 2783
4153 2784
4151 2782
4154 2785
4155 2786
26462 5680
4158 2787
4159 2788
26465 5682
26464 5681
26662 5716
5459 3627
59900 6990
34359 6115
43560 6314
5902 3868
5903 3869
5900 3866
5901 3867
5906 3870
5907 3871
5909 3872
3489 2338
3481 2334
3480 2333
3483 2335
3484 2336
3487 2337
34353 6114
4563 3071
4562 3070
4560 3069
4567 3075
4566 3074
4565 3073
4564 3072
60514 7020
60516 7021
52767 6685
64368 7131
6064 3970
6066 3971
6067 3972
6060 3968
6063 3969
42217 6287
6068 3973
2605 1709
2606 1710
2607 1711
2600 1707
2602 1708
2609 1712
5451 3622
7379 4841
7373 4836
7372 4835
7371 4834
7377 4840
7376 4839
7375 4838
7374 4837
5452 3623
7018 4580
7019 4581
7016 4578
7017 4579
7014 4577
7012 4575
7013 4576
53447 6708
7011 4574
37240 6162
54796 6765
8132 5105
753 490
3782 2533
751 489
750 488
757 491
3783 2534
759 492
40723 6237
8998 5510
3781 2532
2958 1957
2959 1958
738 481
2955 1955
2956 1956
2950 1951
2951 1952
2952 1953
2953 1954
1025 649
1024 648
1027 651
1026 650
1021 645
1801 1132
5342 3551
1022 646
1029 653
1028 652
4367 2939
4366 2938
4361 2936
4363 2937
4369 2941
4368 2940
8994 5509
3108 2070
3109 2071
3104 2067
3105 2068
3107 2069
3100 2063
3101 2064
3102 2065
3103 2066
8670 5327
5 3
8675 5328
8679 5329
4093 2746
4092 2745
4091 2744
4090 2743
4097 2750
4096 2749
4095 2748
4094 2747
4099 2751
5731 3781
5730 3780
5732 3782
26318 5664
51014 6613
51540 6632
25835 5547
61678 7071
25833 5546
25839 5548
47124 6446
8094 5094
8092 5093
1567 1005
6659 4325
6658 4324
6657 4323
6656 4322
6652 4321
6651 4320
6650 4319
43744 6319
6385 4162
6380 4159
6383 4161
6382 4160
2381 1559
2380 1558
2383 1561
2382 1560
26258 5652
2384 1562
2387 1563
2389 1565
2388 1564
26251 5651
63189 7111
1841 1156
1840 1155
1846 1159
1845 1158
1844 1157
3250 2169
4958 3311
3251 2170
2164 1409
2167 1411
4951 3306
4956 3309
2160 1405
4954 3307
2162 1407
3253 2172
3254 2173
3255 2174
3966 2647
3298 2205
3256 2175
5139 3429
1909 1194
5137 3428
1907 1193
5135 3427
5134 3426
1902 1191
3292 2202
5130 3425
60411 7015
53322 6706
57370 6882
58351 6926
37384 6167
37386 6168
33358 6045
37380 6165
33603 6058
45382 6389
44168 6340
47465 6458
6890 4486
6893 4488
6892 4487
6896 4489
6899 4491
6898 4490
48738 6518
1278 837
1279 838
618 424
619 425
1270 829
1271 830
1272 831
611 421
616 422
1275 834
1276 835
1277 836
8798 5391
8799 5392
8790 5384
8792 5385
8793 5386
8794 5387
8795 5388
8796 5389
8797 5390
5460 3628
3331 2225
26898 5750
3330 2224
5464 3632
8426 5208
8427 5209
8424 5207
8422 5205
3335 2228
8421 5204
3334 2227
34129 6095
5469 3634
39183 6200
50003 6571
50005 6572
35836 6137
31431 5923
5039 3364
3599 2406
3598 2405
52950 6688
52952 6689
4131 2772
4132 2773
4133 2774
4135 2775
3841 2574
5693 3758
3843 2575
5691 3757
3845 2577
5697 3760
5694 3759
3849 2578
5699 3761
5969 3917
55232 6789
32387 5997
5961 3912
5962 3913
5963 3914
5964 3915
5965 3916
4541 3057
4543 3058
60530 7023
4545 3060
4544 3059
4547 3062
6289 4104
27317 5767
1073 682
2594 1702
2596 1703
2597 1704
2590 1700
2593 1701
27912 5860
45175 6382
2598 1705
2599 1706
26134 5620
6042 3960
6987 4553
42728 6297
6041 3959
6047 3962
6044 3961
8603 5285
26131 5618
42721 6294
6985 4551
42725 6296
2622 1719
6984 4550
2627 1722
2624 1720
2625 1721
6983 4549
2628 1723
2629 1724
6982 4548
7351 4823
7352 4824
7355 4826
8604 5286
6980 4546
55284 6806
33164 6039
33166 6040
33162 6038
55286 6807
33168 6041
62970 7103
62972 7104
55288 6808
53466 6711
53464 6710
53460 6709
53468 6712
49817 6564
775 499
26796 5738
778 500
76 61
75 60
74 59
72 58
71 57
70 56
2972 1969
2973 1970
2970 1967
2971 1968
2976 1972
79 63
78 62
1043 666
5363 3562
1041 664
1040 663
1047 668
1046 667
5364 3563
1049 669
5369 3567
50923 6612
46976 6442
4303 2892
4302 2891
4301 2890
4300 2889
4306 2895
4305 2894
4304 2893
40494 6230
4308 2896
40491 6229
33836 6084
33834 6083
33832 6082
33830 6081
37844 6181
33838 6085
40337 6225
3129 2082
3121 2079
3127 2081
3125 2080
8651 5316
8650 5315
8652 5317
8654 5318
8657 5320
8656 5319
27391 5772
5752 3787
5751 3786
5756 3789
5754 3788
5759 3790
27674 5799
3445 2309
3444 2308
47644 6466
3440 2304
3443 2307
51694 6638
47642 6465
51698 6639
3442 2306
47640 6464
2757 1816
7437 4863
2752 1814
7438 4864
7439 4865
2753 1815
2750 1812
2322 1511
2751 1813
2321 1510
1616 1031
6671 4335
6673 4337
6672 4336
6679 4340
6678 4339
2325 1514
2324 1513
50619 6596
32174 5979
32179 5980
59387 6969
1615 1030
43912 6326
43910 6325
43917 6328
2369 1549
2368 1548
2367 1547
2366 1546
2365 1545
26231 5645
2363 1544
2362 1543
2361 1542
2360 1541
49666 6561
1860 1165
1862 1166
1865 1167
3729 2493
1866 1168
3724 2488
3725 2489
3726 2490
3727 2491
3723 2487
4686 3137
4687 3138
4932 3296
4935 3297
4936 3298
4938 3299
4939 3300
4688 3139
4689 3140
53123 6698
2109 1363
2108 1362
53127 6700
53125 6699
2102 1357
2100 1356
2107 1361
2106 1360
2105 1359
2104 1358
5115 3415
5114 3414
5117 3416
5111 3413
5110 3412
5193 3463
5119 3418
5118 3417
1611 1029
46322 6419
9 7
891 548
892 549
893 550
897 551
898 552
899 553
33621 6060
39886 6221
32025 5966
44633 6356
55820 6828
1789 1127
1783 1124
1784 1125
1785 1126
6879 4475
6877 4474
6876 4473
6875 4472
6874 4471
6873 4470
6872 4469
6870 4468
40826 6242
55498 6816
58295 6915
8221 5136
678 452
8225 5137
30822 5875
8227 5138
8228 5139
670 448
671 449
673 450
39474 6218
58299 6917
31660 5939
2491 1641
47446 6457
2490 1640
60291 7007
2497 1644
60295 7009
1256 815
1257 816
1254 813
1527 988
1252 811
1253 812
1250 809
1251 810
47629 6463
1258 817
1259 818
1054 672
4116 2763
4117 2764
4114 2762
4113 2761
31083 5894
4111 2760
26425 5679
26422 5678
38304 6190
56169 6848
56165 6846
56167 6847
5946 3900
5947 3901
5944 3898
5945 3899
5942 3896
5943 3897
5940 3894
5941 3895
5949 3902
61132 7046
25795 5539
25797 5540
60037 6995
60745 7029
64418 7132
26379 5673
6020 3947
6021 3948
6022 3949
6023 3950
6024 3951
6025 3952
6027 3953
2648 1741
2649 1742
2640 1734
2641 1735
2642 1736
2643 1737
2644 1738
2646 1739
2647 1740
51935 6649
3798 2544
62956 7102
49347 6551
3557 2385
3556 2384
3555 2383
3554 2382
3552 2381
3551 2380
3550 2379
3559 2386
45730 6412
45732 6413
2912 1918
2915 1919
2916 1920
2917 1921
2918 1922
2919 1923
714 467
711 466
54286 6744
58706 6935
54284 6743
54281 6742
5308 3527
5309 3528
5300 3522
5301 3523
5303 3524
5304 3525
5305 3526
1066 678
4329 2909
4328 2908
4321 2903
4320 2902
4322 2904
4325 2905
4327 2907
4326 2906
3140 2089
3141 2090
3142 2091
3143 2092
3144 2093
3145 2094
3146 2095
3147 2096
3148 2097
33815 6076
33817 6077
62049 7081
31410 5917
5771 3800
5770 3799
5772 3801
5774 3802
5777 3803
9010 5516
25870 5557
65130 7154
48783 6523
7413 4857
7410 4856
7416 4859
7414 4858
7418 4860
7419 4861
6612 4299
6611 4298
6610 4297
6617 4302
6615 4301
6614 4300
6618 4303
3500 2345
3502 2346
3503 2347
3504 2348
3506 2350
3507 2351
2345 1527
2344 1526
2347 1529
2346 1528
2340 1524
2342 1525
2349 1531
2348 1530
43930 6334
43396 6309
43934 6336
43391 6308
43936 6337
49649 6559
2067 1328
49132 6535
49130 6534
49647 6558
3708 2480
1889 1181
1888 1180
1887 1179
3703 2475
3700 2472
1884 1177
1883 1176
1882 1175
3704 2476
3705 2477
2121 1373
6446 4195
2123 1375
2122 1374
2125 1377
2124 1376
4919 3287
4916 3285
4917 3286
4914 3283
4915 3284
4912 3282
4661 3128
4662 3129
4911 3281
34482 6118
6443 4194
5171 3453
5177 3455
5174 3454
5178 3456
132 93
135 94
59604 6977
36477 6144
60763 7033
60760 7032
60766 7034
410 278
56274 6853
62729 7097
48516 6506
7254 4760
7255 4761
7256 4762
7257 4763
7251 4758
7253 4759
7258 4764
7259 4765
6857 4458
6856 4457
6850 4455
6852 4456
6859 4460
6858 4459
5339 3548
88 69
89 70
82 66
80 64
81 65
86 68
85 67
63237 7113
8805 5396
8807 5397
8800 5393
8801 5394
8803 5395
33649 6064
8808 5398
8809 5399
6583 4280
6582 4279
6581 4278
8758 5366
6586 4282
8208 5135
6584 4281
8754 5363
8755 5364
30848 5878
8757 5365
8202 5132
8751 5360
8752 5361
8753 5362
7625 4928
7624 4927
7626 4929
7620 4926
39414 6209
39419 6210
47423 6456
34162 6101
34164 6102
3368 2252
1502 980
1500 979
655 440
3089 2054
1507 981
650 438
3087 2052
3086 2051
3081 2048
3083 2050
3082 2049
32882 6026
55732 6823
3887 2603
3881 2600
3880 2599
3883 2602
3882 2601
3889 2604
55419 6812
56145 6842
61401 7066
65126 7153
43899 6323
1291 850
32031 5968
6005 3941
6002 3939
6003 3940
6001 3938
6008 3942
52448 6667
7395 4850
7394 4849
7397 4852
7396 4851
991 624
990 623
993 626
992 625
999 629
7398 4853
33124 6032
26005 5596
26007 5597
26002 5595
46803 6431
48326 6499
5099 3402
3578 2394
5090 3398
5093 3399
5094 3400
5095 3401
4497 3032
4496 3031
4495 3030
2665 1754
4493 3029
4492 3028
4491 3027
4490 3026
55553 6817
4499 3034
4498 3033
40973 6254
2939 1941
2936 1939
2937 1940
2934 1937
2935 1938
2932 1935
2933 1936
2930 1933
2931 1934
5327 3539
5323 3538
5321 3537
3799 2545
5328 3540
5329 3541
3796 2543
47997 6485
31785 5951
2161 1406
3168 2114
3169 2115
3166 2112
3167 2113
3165 2111
3163 2110
3160 2108
3161 2109
2154 1401
2155 1402
27513 5783
733 477
735 478
737 480
736 479
2150 1400
27636 5795
25856 5553
25855 5552
25850 5551
31255 5909
31251 5908
1274 833
27186 5762
34579 6131
40574 6231
7478 4883
7479 4884
31433 5924
35957 6138
31435 5925
31437 5926
7474 4882
25841 5550
6639 4311
6636 4310
26585 5710
50658 6597
2323 1512
4706 3153
4705 3152
4704 3151
4703 3150
31923 5956
4701 3149
4700 3148
2329 1516
2328 1515
4709 3155
4708 3154
3760 2518
3761 2519
3763 2520
3766 2521
3767 2522
3768 2523
3769 2524
56805 6871
1562 1003
56801 6870
2498 1645
4649 3122
4642 3118
4643 3119
4640 3116
4641 3117
4646 3121
2494 1642
4644 3120
2496 1643
7899 5022
7896 5020
7897 5021
7894 5018
7895 5019
7892 5017
44595 6354
7891 5016
5159 3446
5158 3445
5151 3440
5150 3439
5153 3442
5152 3441
5157 3444
5156 3443
114 86
117 88
116 87
111 84
110 83
112 85
62299 7088
45672 6406
62293 7087
45679 6407
7272 4769
7276 4771
7277 4772
7275 4770
7279 4773
6832 4445
6831 4444
6830 4443
6836 4446
59607 6978
48791 6524
27193 5763
8827 5404
33669 6066
8829 5405
33660 6065
8779 5375
8772 5372
8773 5373
52328 6663
8775 5374
7647 4934
7646 4933
7645 4932
7649 4936
7648 4935
39435 6213
9014 5519
9017 5520
1748 1107
1749 1108
5498 3652
1747 1106
9011 5517
7290 4780
52668 6679
3309 2213
7292 4781
5494 3650
7293 4782
58492 6930
3304 2209
1488 973
7297 4784
1568 1006
1569 1007
1298 856
1299 857
58367 6927
1292 851
1293 852
1290 849
3301 2207
1296 854
1297 855
1566 1004
1295 853
5639 3727
60147 7004
5635 3725
5637 3726
5630 3722
5632 3723
5633 3724
8480 5224
8481 5225
8482 5226
8483 5227
8484 5228
8485 5229
8486 5230
8487 5231
8488 5232
34148 6097
