22461 678
19714 588
35785 1071
4022 122
49913 1462
16302 491
55762 1632
66770 1949
32831 980
19402 576
32521 971
66778 1950
51284 1505
32656 975
16677 502
65279 1907
32308 962
6150 172
55909 1638
43189 1285
31911 950
2315 70
56124 1646
51603 1518
26487 795
21101 639
69374 2035
17653 522
25286 761
52000 1530
52004 1531
32011 953
4650 136
22712 683
42054 1256
26154 790
43699 1298
26152 789
52021 1532
42059 1257
19575 584
16389 493
43501 1293
52136 1535
42908 1278
52648 1555
57475 1680
64294 1882
55290 1619
9522 274
38437 1148
60002 1757
38435 1147
65500 1914
24885 750
52481 1547
51301 1506
69195 2029
70062 2054
49143 1444
46641 1369
9411 270
57050 1669
9415 271
10639 299
6375 179
12126 355
33477 999
49308 1449
22872 688
3512 110
18853 564
37001 1113
63594 1868
50160 1467
41234 1238
53379 1575
42122 1259
70188 2061
71287 2099
15716 465
15715 464
15714 463
10563 298
38646 1150
62880 1850
29369 876
70806 2087
39746 1191
68773 2009
10094 283
21439 648
36154 1081
36151 1080
70485 2071
13056 388
13054 387
68117 1993
68912 2015
14246 427
46964 1381
12949 381
54371 1599
24230 731
24231 732
24234 733
1198 36
58693 1711
40743 1220
54087 1588
37957 1134
1751 56
67363 1970
1174 35
6971 198
8168 227
68829 2011
4254 128
29435 879
44706 1326
39594 1184
1282 41
11162 313
34374 1026
7181 200
33052 986
66164 1932
50893 1488
4188 126
34796 1040
35069 1048
47677 1400
26624 800
55113 1611
6571 190
28180 848
29616 885
34157 1017
28962 871
22479 679
23473 706
42888 1277
11577 333
60901 1793
50670 1480
32538 973
35335 1055
24708 748
22278 674
32536 972
55936 1640
55935 1639
69393 2038
16664 501
43867 1305
25055 755
25723 772
6785 195
4728 138
13614 405
46126 1355
40457 1212
65867 1921
48911 1438
60190 1764
70981 2091
51615 1519
17623 519
46494 1362
19306 575
16485 495
56044 1644
22701 682
25122 757
41822 1252
43994 1308
19963 604
2276 69
11758 338
19562 583
63631 1869
20734 630
2455 73
9245 267
46272 1357
56915 1662
175 4
13283 397
170 3
2053 62
61836 1812
4827 140
36306 1087
45478 1344
46656 1371
46655 1370
6362 178
42337 1264
53610 1580
38093 1137
10154 286
58846 1716
20081 609
3527 111
69378 2036
57082 1670
37782 1127
17755 525
37786 1128
18849 563
36548 1093
14895 446
36784 1106
63873 1875
63872 1874
45277 1339
12221 356
2692 84
14653 442
54980 1610
26964 812
15879 473
41838 1253
71291 2100
14095 423
58203 1698
20391 619
14099 424
10084 282
13266 396
18718 558
30627 910
20263 615
41573 1246
26819 809
17835 527
62091 1825
58686 1710
38745 1157
38740 1156
62252 1829
33222 992
29801 889
41688 1248
29592 884
8624 240
8621 239
59557 1746
67687 1980
14479 434
1547 48
11114 312
26704 803
28350 854
27306 823
67756 1981
31209 934
545 14
548 15
7195 201
66152 1931
50888 1487
66406 1938
15311 456
42582 1272
40421 1210
66978 1958
27773 835
27778 836
51441 1512
59311 1729
62637 1841
67410 1972
7685 212
35141 1050
63024 1852
35211 1052
11569 332
43213 1287
52806 1560
23260 698
11563 331
28645 863
31375 939
61352 1801
28642 862
51045 1495
60331 1775
1724 54
60334 1776
25730 773
383 8
35455 1059
64854 1900
69576 2041
23865 718
10986 309
23862 717
65851 1920
27152 818
17632 520
24954 752
57274 1676
53996 1584
2200 66
64581 1894
2204 67
64587 1895
43527 1294
39904 1196
2429 71
53192 1572
20897 634
65523 1915
68623 2005
60798 1789
7849 219
19820 593
30500 907
6352 177
67042 1961
13454 401
35568 1064
26048 785
11638 335
49148 1445
2517 77
42490 1269
65869 1922
2513 76
2732 86
46840 1379
45314 1342
45642 1347
57097 1671
60661 1783
22815 686
52751 1559
21708 661
36553 1094
36004 1075
46640 1368
36558 1095
36559 1096
6227 173
70642 2078
11613 334
20385 618
18896 565
14648 441
15846 471
34958 1044
48128 1416
62319 1831
40895 1228
67306 1968
29343 875
24171 729
18946 566
1600 49
59012 1718
53022 1568
8858 250
62795 1845
18434 548
64364 1885
12921 380
33528 1002
2842 89
54193 1593
33522 1001
5475 157
48052 1413
28508 859
43700 1299
59390 1735
10181 287
45881 1349
37195 1117
54060 1586
67488 1973
33238 993
34881 1042
40236 1204
8148 226
18161 539
67303 1967
34405 1028
30980 924
18367 546
26734 805
26733 804
38281 1141
26738 806
62133 1826
24386 736
28342 853
17999 533
14465 433
8701 245
68934 2016
533 13
47526 1397
59499 1743
69066 2025
47302 1392
66416 1939
48933 1441
66968 1957
38373 1144
11032 310
55841 1635
59496 1742
37419 1122
31104 928
39480 1181
47780 1405
1392 43
49935 1463
43205 1286
52834 1562
22386 676
19164 573
39156 1171
12451 366
50695 1481
66893 1954
12459 368
12458 367
39390 1178
39393 1179
23386 701
23388 702
66784 1951
60323 1773
22035 668
35461 1060
19619 586
36538 1092
16133 484
32663 976
35665 1068
55790 1633
35660 1067
66149 1930
64821 1899
43449 1292
69504 2040
52906 1565
56686 1658
16003 477
55315 1620
55645 1629
16004 478
33349 997
57249 1675
25412 766
25411 765
56669 1657
12025 348
19909 600
60259 1767
51832 1526
12028 349
25388 763
31813 946
15437 460
46116 1354
42551 1270
42552 1271
52235 1538
19587 585
68947 2018
27238 820
64621 1896
21624 654
2435 72
19832 594
60072 1759
16592 499
19838 595
25097 756
70037 2053
4517 133
71534 2112
46672 1372
52580 1551
36969 1112
26873 810
49334 1450
63348 1858
5285 153
60670 1784
21712 662
46695 1373
37568 1124
27350 825
39803 1193
8996 257
42773 1275
57420 1678
45257 1338
41201 1237
70100 2056
48117 1415
70362 2067
14679 443
44129 1313
11825 343
11824 342
54217 1594
70698 2079
10516 296
14070 422
53565 1579
13086 389
54503 1601
11912 345
62787 1844
63991 1877
5182 149
2853 91
2852 90
5461 156
1496 45
46624 1367
67171 1963
10191 288
38765 1158
41154 1235
15853 472
37216 1118
37217 1119
36619 1098
71509 2109
67033 1960
1122 32
68810 2010
8604 236
37987 1135
14454 432
59577 1747
14323 429
30286 903
24573 743
25889 779
18379 547
54250 1595
58554 1701
18082 537
1017 27
8517 234
4198 127
67401 1971
8048 222
35057 1047
57912 1688
60863 1790
35051 1046
27713 833
48920 1440
67795 1982
8282 231
4352 131
25976 783
26617 799
55124 1612
31170 930
31175 931
28082 843
31179 932
66227 1935
66553 1946
55491 1625
35272 1054
61020 1797
50992 1491
23717 712
23712 711
47002 1384
52827 1561
51021 1492
30977 923
30972 922
8194 228
48856 1437
5706 161
28665 865
24592 744
50041 1465
50510 1474
69719 2046
60319 1772
16103 482
60316 1771
61240 1800
55277 1617
54376 1600
6758 194
53429 1577
6757 193
66892 1953
14498 435
16039 480
56472 1652
51336 1508
16031 479
39033 1167
46449 1361
19933 603
43948 1307
25408 764
46441 1360
17613 518
16587 497
32294 960
32293 959
12056 353
32299 961
43017 1281
31820 947
9277 268
5925 166
25712 771
28653 864
20709 629
64012 1878
21655 655
49527 1455
21872 666
63060 1853
19806 592
13472 402
41946 1255
63438 1862
25570 767
61805 1811
64949 1902
52591 1552
52592 1553
56091 1645
46536 1364
53315 1574
52576 1550
21272 645
21277 646
63405 1861
70116 2058
56896 1661
42164 1261
60325 1774
36802 1107
12272 359
937 26
48326 1421
58089 1695
10521 297
70374 2069
44117 1312
62686 1842
53558 1578
62332 1833
51901 1527
63086 1854
48076 1414
7315 205
7317 206
70753 2082
13257 395
12309 362
18983 568
67542 1976
30167 897
10231 290
20298 616
5494 158
28521 860
3304 104
70974 2090
3301 103
1713 53
24026 724
29727 888
15440 461
57928 1689
36600 1097
37225 1120
68864 2012
58567 1703
33943 1013
58561 1702
24560 742
58763 1714
3017 96
40855 1225
18742 560
65298 1909
40328 1208
34334 1024
8726 246
622 17
1225 38
1224 37
23129 695
28384 855
49996 1464
13877 413
6532 188
48919 1439
40456 1211
15558 462
4341 130
34196 1018
34197 1019
68304 1998
61235 1799
38396 1146
50324 1470
14531 436
38390 1145
29658 886
67325 1969
34420 1029
8610 237
66541 1944
8619 238
55468 1624
11338 322
26528 796
10200 289
51033 1494
6400 182
32861 981
59219 1727
35488 1061
60303 1769
60307 1770
52961 1566
47104 1387
28875 870
39599 1185
13656 406
31949 952
63198 1855
13897 415
13890 414
11244 319
11240 318
51499 1516
32919 982
51494 1515
19741 589
19742 590
39047 1168
32736 977
19923 601
16206 488
55840 1634
19928 602
52365 1543
52364 1542
16591 498
12040 350
12046 351
32283 958
12681 373
43004 1280
43797 1304
69232 2031
47911 1407
60051 1758
7815 218
57138 1674
3493 109
36347 1088
42688 1274
61879 1816
61878 1815
55865 1636
61875 1814
22723 684
45187 1335
20606 627
9370 269
2706 85
70560 2075
46523 1363
38801 1159
9177 266
64370 1886
60692 1785
60693 1786
13318 398
60450 1778
52147 1536
46985 1383
36743 1105
922 25
36292 1085
42201 1262
36294 1086
12265 358
11809 340
2218 68
62323 1832
45987 1351
11802 339
20938 635
45290 1341
3271 102
71149 2097
18979 567
8881 251
24104 727
20591 626
12313 363
36907 1109
54528 1602
11937 347
56200 1648
44744 1328
13222 392
11930 346
44567 1325
14946 449
54650 1603
59327 1730
30174 898
12917 379
70782 2084
3313 105
59771 1752
48006 1410
20028 608
39607 1186
21513 650
1728 55
783 22
34857 1041
39608 1187
788 23
5240 152
63347 1857
24039 725
36632 1099
62691 1843
40136 1203
54786 1607
34295 1022
40260 1205
33784 1008
48717 1431
41622 1247
58577 1704
47800 1406
70789 2085
26987 813
59686 1749
33577 1003
44361 1320
59999 1756
59995 1755
33579 1004
1035 28
40465 1213
636 18
637 19
23647 710
40664 1216
59355 1732
57010 1665
6528 187
4375 132
2891 92
26674 801
65436 1913
31156 929
47249 1390
66207 1934
35105 1049
66063 1928
3868 119
22609 680
23733 713
20025 607
3860 118
23228 697
34671 1031
47065 1386
50533 1475
30950 921
19131 572
50846 1485
50847 1486
69043 2024
35814 1072
55620 1628
55211 1615
34704 1034
69341 2034
21244 644
27112 816
27115 817
5831 164
11255 320
69820 2049
50156 1466
5459 155
22198 672
36243 1082
58001 1692
6082 170
55699 1630
8893 253
23910 719
32634 974
51954 1528
16168 486
46085 1353
57127 1673
57696 1685
64560 1893
21672 657
57120 1672
325 7
60515 1780
8216 230
19864 597
59462 1739
61869 1813
2556 78
2558 79
6393 181
26243 792
43108 1283
60195 1765
17363 513
54017 1585
43102 1282
52379 1544
58019 1693
27935 837
2771 87
4895 143
64363 1884
16419 494
16949 505
57606 1682
21188 642
6264 174
61915 1818
63556 1866
61910 1817
21184 641
12259 357
36280 1083
36286 1084
42966 1279
62354 1835
70120 2059
70313 2064
10783 303
24132 728
45286 1340
58160 1696
21691 658
21693 659
21699 660
8892 252
45356 1343
39177 1172
13233 394
13230 393
53849 1582
33141 989
14222 426
69213 2030
54316 1598
30491 906
30490 905
71420 2104
24495 739
59165 1725
33880 1012
70793 2086
9034 259
48011 1411
21523 652
21522 651
44485 1323
60229 1766
30547 908
27947 838
49879 1461
39617 1188
68660 2007
11810 341
18506 550
34226 1021
56596 1655
29892 890
15157 452
67635 1978
67189 1964
69022 2023
66328 1936
58747 1713
29421 878
37882 1131
40872 1227
31523 941
47613 1399
66929 1956
59433 1737
59349 1731
39282 1175
59182 1726
12866 377
3104 98
3106 99
15974 476
1117 30
66831 1952
1118 31
23032 693
13781 411
28292 850
55193 1613
22616 681
28299 851
30613 909
48803 1436
48802 1435
23581 708
70102 2057
32791 979
50543 1476
9807 277
7587 209
7743 217
7740 216
35002 1045
25831 776
66457 1940
61674 1809
19493 578
5552 159
44285 1316
23360 700
34713 1035
28855 869
35622 1066
39065 1169
8094 223
32931 983
5829 163
4146 125
19018 569
32445 968
28105 845
3853 117
28101 844
24653 745
59358 1733
70369 2068
65647 1917
55236 1616
56620 1656
35530 1062
16574 496
12064 354
19783 591
51167 1497
51168 1498
31854 948
55992 1641
16174 487
43779 1303
5917 165
56535 1653
21668 656
17559 516
43591 1295
64515 1891
190 5
56758 1659
6385 180
42356 1265
60182 1763
17312 511
52305 1540
27302 822
43113 1284
5002 146
49606 1457
64423 1888
10335 292
19519 579
37528 1123
70142 2060
1510 47
43603 1296
58174 1697
2612 81
62348 1834
49265 1447
48641 1429
10025 279
48395 1425
10791 304
71307 2101
4087 124
70743 2081
70742 2080
46890 1380
33171 990
54817 1608
41335 1240
53859 1583
53241 1573
18206 541
18205 540
20554 625
9029 258
38726 1155
59750 1751
38722 1154
33285 996
18687 557
44495 1324
24014 723
57973 1690
5227 150
57977 1691
36659 1101
33770 1006
18510 551
8930 255
37098 1116
15811 469
36655 1100
15816 470
71055 2094
71052 2093
67199 1965
15780 467
17946 532
15783 468
39524 1183
14361 430
29401 877
8740 247
37899 1132
69668 2044
67538 1975
59092 1723
27313 824
1278 40
18678 556
12888 378
59401 1736
47592 1398
15061 451
40648 1215
34384 1027
62014 1822
62012 1821
24240 734
28048 842
29061 872
8642 241
47267 1391
47040 1385
23753 714
8423 232
22371 675
31468 940
35703 1069
31193 933
498 12
13938 419
67840 1983
67841 1984
13937 418
493 11
30938 920
27685 832
24793 749
6471 185
6477 186
31040 925
69805 2048
11277 321
51687 1521
10652 300
71483 2106
61592 1808
51373 1510
19066 571
51378 1511
24668 746
39272 1174
3849 116
22798 685
38927 1165
25359 762
25686 770
46786 1376
51198 1500
69245 2032
26316 793
51191 1499
60158 1760
16149 485
19668 587
52882 1564
25752 774
63698 1870
65905 1924
51972 1529
21838 665
69068 2026
16321 492
64500 1890
21835 664
4549 135
40930 1229
21052 637
32369 964
4544 134
21055 638
28842 868
42437 1267
10905 306
56345 1650
17307 510
46407 1359
11457 327
11451 326
21237 643
21947 667
64344 1883
3595 113
9127 263
53045 1570
5031 147
7919 220
38854 1160
4944 145
42237 1263
41859 1254
20832 633
26136 787
15926 475
20121 610
66544 1945
14029 421
63578 1867
7354 207
1910 58
46979 1382
68044 1989
1915 59
62572 1840
60713 1787
60716 1788
13216 391
50265 1468
39985 1199
60963 1795
39981 1198
71331 2103
22961 692
49383 1454
25887 778
62974 1851
36931 1110
63717 1871
36937 1111
62474 1837
52870 1563
10272 291
48038 1412
70421 2070
53667 1581
10476 294
63375 1859
10479 295
39362 1177
58613 1708
45656 1348
36495 1090
39677 1189
70331 2065
20492 623
44157 1314
40101 1202
68441 2002
44446 1322
15178 454
59529 1745
17930 531
75 0
58842 1715
62151 1828
3057 97
28452 856
39513 1182
65805 1919
6862 196
78 1
62394 1836
1047 29
27464 827
68228 1997
71116 2096
40810 1221
67500 1974
62042 1823
31296 936
66902 1955
68163 1995
1267 39
14570 437
65713 1918
54113 1589
18015 534
68046 1990
14578 438
29985 894
30836 912
38111 1138
39463 1180
38119 1139
7612 210
29508 882
8651 242
28581 861
29501 881
34329 1023
60564 1782
5757 162
6443 183
23561 707
27072 814
6449 184
5593 160
44847 1329
50818 1484
7727 215
13694 407
35601 1065
8041 221
55737 1631
19475 577
61436 1805
51692 1522
69875 2051
43350 1289
28830 867
43353 1290
51361 1509
39082 1170
24476 738
28129 847
28122 846
61544 1807
38934 1166
48316 1420
60890 1791
60891 1792
66134 1929
23947 720
31879 949
11515 329
11510 328
13748 410
42154 1260
65174 1906
5978 168
51218 1502
43281 1288
51213 1501
65914 1925
19854 596
65595 1916
41178 1236
17205 508
25038 754
56281 1649
14979 450
16289 489
70342 2066
52983 1567
24929 751
56354 1651
52328 1541
11420 324
17334 512
11424 325
71525 2110
9134 264
9139 265
39861 1194
46369 1358
1860 57
17688 523
13595 404
50464 1473
64712 1898
49065 1443
2108 64
2102 63
52180 1537
63542 1865
62819 1847
62815 1846
52610 1554
9595 276
62565 1839
9593 275
17597 517
54876 1609
71323 2102
22957 691
70520 2072
70525 2073
42664 1273
49626 1458
12356 364
2039 61
894 24
41066 1232
59889 1753
48280 1418
69002 2022
48534 1428
58604 1707
58600 1705
58601 1706
21558 653
3541 112
24072 726
41443 1243
20974 636
68180 1996
54274 1597
15168 453
40719 1218
33240 994
59086 1722
30225 900
59082 1721
26692 802
62141 1827
17924 530
40827 1223
40826 1222
18797 561
68986 2019
38690 1153
68988 2020
68989 2021
60510 1779
40003 1200
71107 2095
30139 896
44038 1309
67267 1966
30049 895
33764 1005
66390 1937
4335 129
59468 1740
50377 1471
54129 1590
37857 1130
47933 1408
24263 735
17854 528
29680 887
64969 1903
47448 1396
68523 2004
34101 1015
47719 1403
47717 1402
47711 1401
15436 459
8683 243
18304 545
15344 457
12428 365
67594 1977
13916 417
13914 416
26242 791
59527 1744
27662 831
23172 696
34755 1037
25801 775
31317 938
35345 1056
19193 574
23318 699
69866 2050
34740 1036
31088 926
46033 1352
50970 1490
66022 1927
32412 967
32411 966
20262 614
69590 2042
23953 721
48726 1432
56561 1654
65293 1908
43726 1302
54066 1587
57464 1679
50606 1478
50607 1479
50604 1477
61137 1798
60958 1794
69469 2039
27089 815
19532 581
3600 114
60556 1781
63973 1876
42411 1266
6119 171
32747 978
55899 1637
52510 1548
38875 1161
56016 1642
7287 204
57018 1666
69135 2027
64411 1887
46603 1366
10674 301
25248 760
60170 1762
16983 506
36082 1079
16987 507
25244 759
2136 65
36719 1104
4697 137
12296 361
52427 1545
26116 786
20812 632
11728 336
33994 1014
53382 1576
20144 611
25197 758
2643 82
70623 2077
49236 1446
3429 108
16850 503
44730 1327
4856 141
57380 1677
44287 1317
14918 448
59894 1754
14171 425
14910 447
46824 1378
70542 2074
63395 1860
48290 1419
49838 1460
39897 1195
21767 663
36663 1102
68424 2001
36063 1078
36060 1077
8905 254
54262 1596
18673 555
54730 1605
33251 995
11188 314
30210 899
40703 1217
38047 1136
48743 1433
58709 1712
5954 167
45938 1350
40837 1224
57835 1687
44041 1310
13014 383
68087 1991
18256 542
1663 52
59389 1734
12986 382
71487 2107
41727 1250
41726 1249
14598 439
37820 1129
18075 536
59474 1741
58417 1699
10132 285
8787 248
28039 841
7635 211
68883 2013
47438 1395
47768 1404
8699 244
8127 225
7704 213
59078 1720
66650 1947
51333 1507
28496 858
47384 1393
50295 1469
28492 857
49270 1448
35373 1057
47165 1388
61381 1803
65301 1910
31309 937
67924 1988
67920 1987
11228 316
48674 1430
31098 927
11220 315
12563 370
24695 747
19054 570
63458 1863
57782 1686
25907 780
61700 1810
55403 1622
32406 965
32997 984
65308 1911
38914 1164
12622 372
12621 371
23437 705
6616 191
64642 1897
22125 671
12051 352
65932 1926
10844 305
4078 123
51232 1504
42789 1276
33384 998
32195 957
19520 580
52298 1539
32357 963
35408 1058
8434 233
12759 374
19982 605
64886 1901
19986 606
10936 308
43397 1291
10931 307
52076 1533
57022 1667
17463 515
70760 2083
9117 262
12283 360
13376 399
60166 1761
61968 1819
4912 144
46762 1375
17260 509
52459 1546
43640 1297
57620 1683
45583 1345
2658 83
45586 1346
10064 281
39799 1192
48357 1423
45236 1337
21488 649
22931 689
52678 1556
64063 1879
22936 690
21374 647
56959 1664
33139 988
56950 1663
63491 1864
45120 1333
4869 142
6323 176
45129 1334
9060 260
44294 1318
33481 1000
44297 1319
45050 1331
41000 1230
29202 873
52707 1557
41391 1241
41394 1242
7252 203
71278 2098
13159 390
41468 1245
13397 400
33008 985
8970 256
37580 1125
41464 1244
48776 1434
2901 93
41130 1234
2904 94
18666 554
18660 553
17909 529
33797 1009
14614 440
70878 2089
26920 811
64540 1892
29442 880
67068 1962
34906 1043
30687 911
71478 2105
14292 428
1652 51
13029 384
68722 2008
68093 1992
5238 151
30840 913
59444 1738
30846 914
68943 2017
580 16
8209 229
30849 915
71497 2108
17461 514
28798 866
37713 1126
54142 1591
33866 1011
1436 44
3392 107
20226 613
29538 883
68899 2014
28001 840
62055 1824
67666 1979
40282 1206
40284 1207
13970 420
66533 1943
66532 1942
40512 1214
18114 538
27648 830
23087 694
8114 224
7711 214
38256 1140
59299 1728
26740 807
24515 740
24517 741
47398 1394
1504 46
28317 852
25867 777
34765 1038
47179 1389
41027 1231
22206 673
55327 1621
11239 317
25915 782
25913 781
24423 737
55414 1623
25649 768
56147 1647
18059 535
26356 794
6625 192
23422 703
23423 704
51699 1523
43706 1300
4002 121
13716 409
61400 1804
51086 1496
3976 120
32508 969
60971 1796
25007 753
26138 788
19885 598
22061 669
22066 670
60374 1777
16610 500
11411 323
31937 951
68637 2006
69625 2043
17813 526
12760 375
55560 1626
71529 2111
16295 490
56030 1643
3710 115
64472 1889
69153 2028
9470 272
9475 273
32035 956
62547 1838
32031 955
56811 1660
27951 839
13561 403
14709 445
57637 1684
69716 2045
46754 1374
49032 1442
41258 1239
10058 280
70617 2076
45220 1336
49582 1456
64070 1880
127 2
58895 1717
33126 987
70287 2062
57035 1668
26007 784
52572 1549
59708 1750
48506 1427
45049 1330
58657 1709
44264 1315
62280 1830
49361 1451
49365 1452
46804 1377
68396 2000
68393 1999
10125 284
38527 1149
20699 628
37025 1114
49696 1459
36688 1103
68151 1994
7248 202
42104 1258
36049 1076
62847 1848
41103 1233
59677 1748
54716 1604
44404 1321
2930 95
37934 1133
48167 1417
20435 621
11898 344
16123 483
5321 154
20348 617
33780 1007
20438 622
67010 1959
70299 2063
38664 1152
38662 1151
20189 612
44068 1311
40033 1201
18724 559
31789 945
11090 311
29948 893
30879 917
29947 892
31786 944
31784 943
29942 891
18295 544
18293 543
54152 1592
41740 1251
2801 88
3369 106
58470 1700
732 21
30275 902
30274 901
34225 1020
66527 1941
1355 42
46586 1365
15399 458
35886 1073
51448 1513
51527 1517
36803 1108
14421 431
59050 1719
27626 829
8584 235
66745 1948
67901 1985
15264 455
67907 1986
23634 709
13815 412
12818 376
34579 1030
30897 919
6550 189
48454 1426
27743 834
50383 1472
34687 1033
34680 1032
35779 1070
22453 677
25679 769
35553 1063
35223 1053
16047 481
61502 1806
23988 722
11554 330
43718 1301
55280 1618
26582 797
51707 1524
26589 798
13701 408
27297 821
32512 970
39262 1173
65135 1905
9889 278
43883 1306
19546 582
69291 2033
42445 1268
27363 826
23850 715
69388 2037
23858 716
27164 819
69891 2052
68516 2003
55590 1627
51673 1520
21171 640
63729 1873
38889 1163
63725 1872
38882 1162
267 6
48337 1422
32021 954
61985 1820
17647 521
65403 1912
53042 1569
18802 562
6018 169
60296 1768
19899 599
69767 2047
2477 75
46257 1356
2471 74
10739 302
48370 1424
52129 1534
20758 631
39935 1197
50949 1489
4800 139
16862 504
36450 1089
70078 2055
57512 1681
6302 175
20531 624
9085 261
18461 549
52722 1558
39689 1190
55197 1614
58087 1694
11744 337
10420 293
17738 524
49370 1453
29225 874
22869 687
37037 1115
5085 148
62857 1849
36527 1091
15722 466
65881 1923
15896 474
18600 552
33202 991
54767 1606
40863 1226
20409 620
70816 2088
63213 1856
30465 904
1632 50
1988 60
64264 1881
13048 386
8824 249
45070 1332
13043 385
59148 1724
37321 1121
34368 1025
33843 1010
40375 1209
40737 1219
30864 916
14706 444
3174 100
24221 730
7088 199
71037 2092
51761 1525
728 20
1164 34
31682 942
1160 33
51025 1493
51230 1503
35160 1051
47999 1409
27620 828
39320 1176
35899 1074
6946 197
50733 1482
26765 808
53059 1571
66190 1933
31221 935
65081 1904
50783 1483
61379 1802
34783 1039
12554 369
2589 80
51466 1514
30886 918
28199 849
38348 1143
34145 1016
476 9
477 10
3190 101
38340 1142
7461 208
